# base_state search_seconds  (margin-1, Paley(23) arc-reversed, base {0,1,2,6,15})
0 4.003
1 5.282
2 5.079
3 4.099
4 5.516
5 5.145
6 3.261
7 3.860
8 3.232
9 2.689
10 3.770
11 3.412
12 3.315
13 3.685
14 4.767
15 4.352
16 3.847
17 4.636
18 5.529
19 6.965
20 5.245
21 3.510
22 5.064
23 4.708
24 5.562
25 4.447
26 4.453
27 4.988
28 5.708
29 4.908
30 6.378
31 5.001
32 5.009
33 8.298
34 6.617
35 6.258
36 5.714
37 4.996
38 4.543
39 4.845
40 5.391
41 5.769
42 5.919
43 6.105
44 6.381
45 4.574
46 4.743
47 4.853
48 4.279
49 3.978
50 3.594
51 3.797
52 3.796
53 5.280
54 3.866
55 5.540
56 3.414
57 3.138
58 5.337
59 5.410
60 4.997
61 4.623
62 5.569
63 4.535
64 3.363
65 3.590
66 3.519
67 5.246
68 4.824
69 6.335
70 3.010
71 4.976
72 3.636
73 6.767
74 6.013
75 5.687
76 7.039
77 7.484
78 3.537
79 3.468
80 4.470
81 4.796
82 5.762
83 4.191
84 5.728
85 3.529
86 3.428
87 4.306
88 2.888
89 2.690
90 2.571
91 4.175
92 4.044
93 5.129
94 5.143
95 4.802
96 3.907
97 3.459
98 2.596
99 4.384
100 3.845
101 5.654
102 4.032
103 4.798
104 3.994
105 5.518
106 3.575
107 6.156
108 3.699
109 5.113
110 3.653
111 4.559
112 5.994
113 3.332
114 3.082
115 3.605
116 3.442
117 4.507
118 2.323
119 3.915
120 4.195
121 3.384
122 3.355
123 3.414
124 3.217
125 3.744
126 4.382
127 4.155
128 3.906
129 3.460
130 5.012
131 3.997
132 5.992
133 3.897
134 4.264
135 3.370
136 3.422
137 4.837
138 3.673
139 3.353
140 4.412
141 3.734
142 4.299
143 3.862
144 3.462
145 4.934
146 4.121
147 5.583
148 4.804
149 5.861
150 4.670
151 3.849
152 5.718
153 4.078
154 3.590
155 3.318
156 3.778
157 5.936
158 5.098
159 6.051
160 4.627
161 4.356
162 4.153
163 5.881
164 4.363
165 6.308
166 5.327
167 6.082
168 3.173
169 4.641
170 4.660
171 5.254
172 4.832
173 4.335
174 3.434
175 3.178
176 3.542
177 4.083
178 3.634
179 4.750
180 3.616
181 6.365
182 7.996
183 4.991
184 4.429
185 4.161
186 3.958
187 5.048
188 5.209
189 3.554
190 3.925
191 3.657
192 3.372
193 3.569
194 5.338
195 3.019
196 4.767
197 4.750
198 4.794
199 4.401
200 4.885
201 3.932
202 4.263
203 3.973
204 6.309
205 4.234
206 6.250
207 3.266
208 5.217
209 6.495
210 3.323
211 3.286
212 3.360
213 2.895
214 5.238
215 2.516
216 4.765
217 4.092
218 3.666
219 3.001
220 4.491
221 3.229
222 3.324
223 2.569
224 2.732
225 2.648
226 3.036
227 4.051
228 3.751
229 3.741
230 3.868
231 3.380
232 3.750
233 3.455
234 4.148
235 5.546
236 4.982
237 5.689
238 4.846
239 3.459
240 5.162
241 3.720
242 3.313
243 4.318
244 5.763
245 4.843
246 4.131
247 7.329
248 5.569
249 4.285
250 5.547
251 5.016
252 5.620
253 4.948
254 6.934
255 4.486
256 4.260
257 6.753
258 6.531
259 5.412
260 4.523
261 4.741
262 3.006
263 5.129
264 3.533
265 4.032
266 4.133
267 6.233
268 3.371
269 4.815
270 4.594
271 4.785
272 3.173
273 3.851
274 2.832
275 3.444
276 4.396
277 3.335
278 4.960
279 3.922
280 4.918
281 5.156
282 3.520
283 3.381
284 5.053
285 5.001
286 5.090
287 4.468
288 4.877
289 3.244
290 5.093
291 4.922
292 5.891
293 6.146
294 5.798
295 5.243
296 3.310
297 5.028
298 3.692
299 4.508
300 3.889
301 4.457
302 5.039
303 4.129
304 5.439
305 5.949
306 3.187
307 4.236
308 4.259
309 4.712
310 4.378
311 3.192
312 3.359
313 3.318
314 3.515
315 3.556
316 3.993
317 3.197
318 2.662
319 3.174
320 2.940
321 4.591
322 4.747
323 6.557
324 5.162
325 6.353
326 6.199
327 6.779
328 6.022
329 6.344
330 7.439
331 3.734
332 3.757
333 4.821
334 3.687
335 4.594
336 3.978
337 2.767
338 4.293
339 5.583
340 3.091
341 4.264
342 5.263
343 4.439
344 5.516
345 3.478
346 3.658
347 4.318
348 3.670
349 4.710
350 4.177
351 4.538
352 4.838
353 4.991
354 5.831
355 4.270
356 2.773
357 4.096
358 3.913
359 4.523
360 4.748
361 4.380
362 4.251
363 3.619
364 3.162
365 3.891
366 3.863
367 2.950
368 3.318
369 4.902
370 3.219
371 4.939
372 3.675
373 3.738
374 5.492
375 4.700
376 4.732
377 5.046
378 4.891
379 4.778
380 6.593
381 5.304
382 4.751
383 4.869
384 6.309
385 3.828
386 4.562
387 5.273
388 5.258
389 5.600
390 4.973
391 4.745
392 5.880
393 3.744
394 3.590
395 4.579
396 5.413
397 4.451
398 4.083
399 4.550
400 5.188
401 2.776
402 3.876
403 3.330
404 7.094
405 5.160
406 4.574
407 4.163
408 5.200
409 5.459
410 4.158
411 4.819
412 4.539
413 4.581
414 3.468
415 3.615
416 2.231
417 2.561
418 4.219
419 3.153
420 4.178
421 3.255
422 4.319
423 4.495
424 3.588
425 5.646
426 3.238
427 5.622
428 3.103
429 4.384
430 5.562
431 4.523
432 3.717
433 3.427
434 3.820
435 4.392
436 4.973
437 4.601
438 4.123
439 5.143
440 4.729
441 3.681
442 4.089
443 4.898
444 4.058
445 2.932
446 3.899
447 3.290
448 3.538
449 4.441
450 5.865
451 3.412
452 3.765
453 5.747
454 2.886
455 4.726
456 5.167
457 5.211
458 4.305
459 4.800
460 4.345
461 4.444
462 4.455
463 4.181
464 5.231
465 3.850
466 2.900
467 3.259
468 2.839
469 4.362
470 4.878
471 3.357
472 4.076
473 3.876
474 5.048
475 4.614
476 4.041
477 4.980
478 4.898
479 3.383
480 3.291
481 3.633
482 3.629
483 3.356
484 4.218
485 4.008
486 4.533
487 3.965
488 3.720
489 3.453
490 4.394
491 4.400
492 5.406
493 4.175
494 3.936
495 3.627
496 2.530
497 3.849
498 4.260
499 3.772
500 4.212
501 3.268
502 3.252
503 4.637
504 4.324
505 3.324
506 5.668
507 5.092
508 4.854
509 4.919
510 5.190
511 4.717
512 5.432
513 5.887
514 4.910
515 5.207
516 5.272
517 6.264
518 5.917
519 6.739
520 4.161
521 6.745
522 5.692
523 3.252
524 4.054
525 5.079
526 3.101
527 2.663
528 4.140
529 5.096
530 3.969
531 4.269
532 3.378
533 4.664
534 3.931
535 4.942
536 5.173
537 4.948
538 4.232
539 3.124
540 5.567
541 5.261
542 5.359
543 5.074
544 5.511
545 5.438
546 4.399
547 5.683
548 5.372
549 5.166
550 5.641
551 5.264
552 6.435
553 5.573
554 6.006
555 5.565
556 4.997
557 5.715
558 5.967
559 6.513
560 4.328
561 5.011
562 8.475
563 5.656
564 4.722
565 4.207
566 5.393
567 4.365
568 3.803
569 3.767
570 3.523
571 3.623
572 2.820
573 3.670
574 3.257
575 3.298
576 5.569
577 6.489
578 4.296
579 3.650
580 3.928
581 6.460
582 4.364
583 4.437
584 4.274
585 4.488
586 4.072
587 5.616
588 5.151
589 4.939
590 6.072
591 4.901
592 4.334
593 3.760
594 3.066
595 3.492
596 4.201
597 4.076
598 3.547
599 4.705
600 4.391
601 3.318
602 3.826
603 5.636
604 4.297
605 5.121
606 4.146
607 5.149
608 5.147
609 3.054
610 4.956
611 4.589
612 5.283
613 5.386
614 5.350
615 4.507
616 7.154
617 4.763
618 5.824
619 3.967
620 4.501
621 6.379
622 4.923
623 4.659
624 3.812
625 3.991
626 4.485
627 3.731
628 5.434
629 5.693
630 4.230
631 5.298
632 5.575
633 7.053
634 5.038
635 3.793
636 5.132
637 4.370
638 4.314
639 3.633
640 5.112
641 4.479
642 3.976
643 4.864
644 4.318
645 4.177
646 6.320
647 7.356
648 4.841
649 5.642
650 7.077
651 3.080
652 4.068
653 3.164
654 5.265
655 5.189
656 2.321
657 4.947
658 3.850
659 4.112
660 3.569
661 3.937
662 3.482
663 3.982
664 4.452
665 3.593
666 3.691
667 3.133
668 3.240
669 3.635
670 4.053
671 4.599
672 4.827
673 4.878
674 3.853
675 5.707
676 4.385
677 2.962
678 3.555
679 5.962
680 3.070
681 2.590
682 3.607
683 3.920
684 3.268
685 4.552
686 3.549
687 3.208
688 2.911
689 4.601
690 2.592
691 3.052
692 4.150
693 2.336
694 4.090
695 2.649
696 3.597
697 3.854
698 4.054
699 2.845
700 4.693
701 3.292
702 5.609
703 5.318
704 5.260
705 4.349
706 5.593
707 5.454
708 6.777
709 4.625
710 6.270
711 5.527
712 5.881
713 4.668
714 5.875
715 3.246
716 4.972
717 3.838
718 3.570
719 3.213
720 5.054
721 4.742
722 4.216
723 4.183
724 5.175
725 4.957
726 4.565
727 3.588
728 4.818
729 3.638
730 4.051
731 4.648
732 4.221
733 4.161
734 3.958
735 3.970
736 4.316
737 4.614
738 4.202
739 4.047
740 4.171
741 5.881
742 4.638
743 5.397
744 4.908
745 4.986
746 5.629
747 4.980
748 5.544
749 4.700
750 4.004
751 6.499
752 5.123
753 5.066
754 3.430
755 4.250
756 3.386
757 6.095
758 4.394
759 4.283
760 3.823
761 3.102
762 2.238
763 3.775
764 4.222
765 3.345
766 5.315
767 4.861
768 4.324
769 4.317
770 4.146
771 3.428
772 4.891
773 3.725
774 6.518
775 5.872
776 4.986
777 5.205
778 5.491
779 4.547
780 4.120
781 5.400
782 4.984
783 4.526
784 5.364
785 4.550
786 3.372
787 6.037
788 6.315
789 4.461
790 4.559
791 3.763
792 4.226
793 5.424
794 4.482
795 6.474
796 4.206
797 4.046
798 4.661
799 4.375
800 4.041
801 4.198
802 3.589
803 5.311
804 5.316
805 4.013
806 4.430
807 4.026
808 5.162
809 6.057
810 4.143
811 3.755
812 3.901
813 3.407
814 4.548
815 4.596
816 4.537
817 4.302
818 5.653
819 4.306
820 3.691
821 4.290
822 3.987
823 6.028
824 4.508
825 4.468
826 6.233
827 4.294
828 4.998
829 5.165
830 4.807
831 5.350
832 6.152
833 4.849
834 4.416
835 3.795
836 1.991
837 3.658
838 2.637
839 3.815
840 4.139
841 3.138
842 3.479
843 2.902
844 2.828
845 3.248
846 3.151
847 3.294
848 2.716
849 3.787
850 2.978
851 4.521
852 5.207
853 3.800
854 3.559
855 4.204
856 3.895
857 2.514
858 2.321
859 5.051
860 4.698
861 5.157
862 6.796
863 4.966
864 5.327
865 4.857
866 4.380
867 5.082
868 5.688
869 4.730
870 4.520
871 3.106
872 4.625
873 4.387
874 5.642
875 2.587
876 5.372
877 4.642
878 4.504
879 4.255
880 7.522
881 5.026
882 3.869
883 3.331
884 3.549
885 7.230
886 5.126
887 6.998
888 5.464
889 7.343
890 4.219
891 5.722
892 4.341
893 5.215
894 5.551
895 4.079
896 5.453
897 5.308
898 3.965
899 3.080
900 3.942
901 2.942
902 4.130
903 5.323
904 4.094
905 5.292
906 4.591
907 3.452
908 4.380
909 4.973
910 3.904
911 4.618
912 4.071
913 3.995
914 3.330
915 5.124
916 3.609
917 6.362
918 6.444
919 3.584
920 5.152
921 5.813
922 4.909
923 5.208
924 4.194
925 4.058
926 3.462
927 5.770
928 4.814
929 4.221
930 7.304
931 5.865
932 7.970
933 5.185
934 6.870
935 5.681
936 4.779
937 6.457
938 4.283
939 4.206
940 3.896
941 4.098
942 3.148
943 4.221
944 3.484
945 3.756
946 2.817
947 4.228
948 4.157
949 6.022
950 4.730
951 3.992
952 4.659
953 5.729
954 4.280
955 8.037
956 5.971
957 4.744
958 3.836
959 4.538
960 3.982
961 4.434
962 5.782
963 3.502
964 3.104
965 3.803
966 3.077
967 4.165
968 5.608
969 6.173
970 5.547
971 3.787
972 3.739
973 5.993
974 3.599
975 4.391
976 4.431
977 3.561
978 3.844
979 3.456
980 2.481
981 4.531
982 3.747
983 3.866
984 5.007
985 4.995
986 4.794
987 6.478
988 6.820
989 3.830
990 3.778
991 3.799
992 4.101
993 5.612
994 3.128
995 3.459
996 2.688
997 4.454
998 2.483
999 4.090
1000 4.087
1001 2.307
1002 4.188
1003 3.425
1004 5.305
1005 5.556
1006 5.811
1007 3.380
1008 4.755
1009 2.842
1010 4.065
1011 3.728
1012 3.914
1013 5.914
1014 3.288
1015 2.977
1016 4.287
1017 4.338
1018 3.942
1019 4.137
1020 4.125
1021 4.249
1022 5.713
1023 5.871
1024 4.016
1025 3.784
1026 4.895
1027 3.792
1028 4.838
1029 4.338
1030 4.622
1031 3.650
1032 2.805
1033 5.507
1034 4.749
1035 6.223
1036 3.965
1037 4.422
1038 3.441
1039 4.485
1040 5.431
1041 4.391
1042 4.351
1043 7.293
1044 5.229
1045 5.265
1046 5.226
1047 7.369
1048 5.672
1049 8.275
1050 5.078
1051 3.912
1052 4.901
1053 5.259
1054 5.706
1055 4.527
1056 4.318
1057 5.823
1058 5.275
1059 4.739
1060 5.974
1061 4.813
1062 6.284
1063 7.133
1064 6.258
1065 4.486
1066 5.295
1067 4.585
1068 4.668
1069 3.937
1070 5.248
1071 6.298
1072 3.669
1073 4.133
1074 5.863
1075 4.952
1076 4.567
1077 5.274
1078 4.537
1079 4.689
1080 3.947
1081 4.862
1082 6.878
1083 5.157
1084 5.981
1085 4.715
1086 5.877
1087 6.341
1088 5.528
1089 6.079
1090 6.513
1091 4.886
1092 4.192
1093 6.544
1094 5.392
1095 7.638
1096 6.559
1097 5.530
1098 5.922
1099 4.968
1100 5.485
1101 7.589
1102 4.096
1103 7.624
1104 6.119
1105 5.893
1106 5.979
1107 5.162
1108 6.188
1109 7.606
1110 3.934
1111 3.433
1112 3.964
1113 5.146
1114 4.482
1115 4.368
1116 5.051
1117 5.042
1118 3.906
1119 3.906
1120 5.142
1121 4.000
1122 3.887
1123 4.510
1124 4.167
1125 4.351
1126 4.053
1127 3.878
1128 4.018
1129 4.490
1130 3.951
1131 4.058
1132 4.133
1133 6.254
1134 5.062
1135 5.713
1136 5.622
1137 7.773
1138 5.615
1139 5.038
1140 5.368
1141 5.213
1142 4.253
1143 5.306
1144 7.412
1145 5.005
1146 3.669
1147 4.512
1148 5.506
1149 6.498
1150 4.845
1151 4.732
1152 6.984
1153 7.394
1154 5.145
1155 5.660
1156 5.110
1157 7.198
1158 4.576
1159 3.774
1160 5.627
1161 3.917
1162 4.803
1163 5.438
1164 5.466
1165 5.868
1166 5.389
1167 4.942
1168 4.444
1169 5.489
1170 4.722
1171 4.068
1172 5.064
1173 4.342
1174 5.682
1175 5.307
1176 5.960
1177 5.243
1178 5.204
1179 6.049
1180 5.006
1181 4.602
1182 4.408
1183 4.437
1184 5.794
1185 3.519
1186 5.357
1187 4.676
1188 4.320
1189 4.555
1190 3.621
1191 4.362
1192 4.649
1193 5.159
1194 4.995
1195 3.897
1196 6.499
1197 4.038
1198 3.862
1199 4.386
1200 3.053
1201 2.959
1202 4.245
1203 4.480
1204 6.037
1205 3.279
1206 4.763
1207 5.242
1208 4.078
1209 4.248
1210 4.173
1211 5.690
1212 3.834
1213 5.737
1214 5.124
1215 5.603
1216 5.071
1217 4.103
1218 5.699
1219 4.961
1220 5.308
1221 3.571
1222 4.892
1223 4.358
1224 5.757
1225 6.464
1226 4.862
1227 4.145
1228 3.607
1229 5.392
1230 4.862
1231 5.271
1232 4.589
1233 5.620
1234 5.630
1235 4.160
1236 3.559
1237 3.892
1238 3.511
1239 4.269
1240 4.593
1241 3.416
1242 5.625
1243 5.803
1244 3.437
1245 3.186
1246 3.714
1247 6.083
1248 3.649
1249 4.436
1250 5.104
1251 5.353
1252 4.329
1253 7.318
1254 4.064
1255 6.239
1256 6.311
1257 3.489
1258 5.538
1259 4.622
1260 4.908
1261 5.452
1262 4.050
1263 5.334
1264 4.723
1265 4.810
1266 4.640
1267 4.628
1268 3.282
1269 3.073
1270 3.942
1271 3.876
1272 4.807
1273 4.174
1274 5.813
1275 2.883
1276 5.590
1277 3.266
1278 4.863
1279 5.516
1280 4.728
1281 4.819
1282 3.241
1283 3.799
1284 4.294
1285 4.934
1286 5.111
1287 3.420
1288 4.891
1289 5.451
1290 5.922
1291 4.785
1292 4.214
1293 3.548
1294 4.406
1295 4.564
1296 4.263
1297 3.934
1298 5.670
1299 4.052
1300 3.850
1301 5.276
1302 4.907
1303 5.344
1304 4.178
1305 4.430
1306 5.630
1307 2.651
1308 4.050
1309 3.637
1310 4.084
1311 3.859
1312 4.883
1313 3.268
1314 3.136
1315 3.209
1316 4.883
1317 5.077
1318 3.843
1319 4.192
1320 4.444
1321 6.040
1322 3.609
1323 3.972
1324 3.783
1325 4.282
1326 5.265
1327 4.725
1328 5.532
1329 5.633
1330 3.873
1331 4.152
1332 4.923
1333 5.763
1334 4.685
1335 4.518
1336 5.490
1337 6.304
1338 4.726
1339 3.736
1340 4.180
1341 3.302
1342 4.660
1343 4.253
1344 4.020
1345 4.236
1346 4.360
1347 3.804
1348 5.348
1349 5.642
1350 7.178
1351 5.344
1352 5.854
1353 6.350
1354 4.137
1355 4.739
1356 4.769
1357 5.705
1358 4.229
1359 6.433
1360 5.629
1361 6.490
1362 4.118
1363 4.619
1364 5.048
1365 3.892
1366 5.045
1367 6.268
1368 5.606
1369 6.072
1370 3.917
1371 5.328
1372 4.568
1373 3.216
1374 3.434
1375 4.232
1376 4.253
1377 4.166
1378 2.609
1379 4.886
1380 3.119
1381 5.768
1382 4.013
1383 3.711
1384 2.086
1385 3.551
1386 2.794
1387 3.664
1388 4.530
1389 4.176
1390 3.587
1391 4.608
1392 5.454
1393 5.251
1394 4.606
1395 4.583
1396 5.621
1397 4.033
1398 2.927
1399 4.707
1400 3.631
1401 3.967
1402 4.729
1403 5.482
1404 3.517
1405 5.690
1406 3.186
1407 2.344
1408 4.624
1409 5.381
1410 3.930
1411 3.350
1412 3.713
1413 3.889
1414 3.741
1415 2.345
1416 4.635
1417 3.485
1418 3.473
1419 3.762
1420 4.792
1421 4.074
1422 4.308
1423 4.287
1424 4.920
1425 3.809
1426 4.107
1427 2.531
1428 3.759
1429 3.812
1430 4.307
1431 3.328
1432 3.357
1433 3.059
1434 4.336
1435 3.988
1436 4.112
1437 2.633
1438 4.955
1439 3.767
1440 2.774
1441 4.455
1442 5.653
1443 5.169
1444 3.587
1445 6.500
1446 4.654
1447 5.339
1448 4.817
1449 3.596
1450 4.106
1451 4.718
1452 4.142
1453 4.236
1454 6.047
1455 5.257
1456 4.346
1457 4.041
1458 7.114
1459 5.714
1460 5.654
1461 3.355
1462 4.504
1463 3.307
1464 6.411
1465 4.286
1466 4.215
1467 4.134
1468 2.909
1469 2.204
1470 3.690
1471 3.713
1472 3.424
1473 5.099
1474 4.532
1475 3.777
1476 4.541
1477 4.261
1478 3.619
1479 5.057
1480 3.775
1481 7.130
1482 5.090
1483 4.981
1484 6.105
1485 5.862
1486 4.056
1487 4.885
1488 6.318
1489 7.087
1490 5.593
1491 5.160
1492 6.272
1493 2.923
1494 4.591
1495 7.622
1496 5.492
1497 3.834
1498 3.229
1499 6.157
1500 4.885
1501 5.904
1502 3.583
1503 4.207
1504 5.119
1505 5.996
1506 3.860
1507 5.081
1508 7.167
1509 3.944
1510 4.793
1511 4.832
1512 4.146
1513 3.923
1514 5.481
1515 4.933
1516 5.079
1517 2.974
1518 4.750
1519 3.707
1520 4.474
1521 5.494
1522 5.581
1523 4.198
1524 4.223
1525 4.402
1526 3.262
1527 4.162
1528 6.941
1529 6.651
1530 6.285
1531 5.757
1532 4.218
1533 4.012
1534 4.442
1535 3.694
1536 3.825
1537 3.390
1538 4.224
1539 3.772
1540 3.345
1541 3.726
1542 2.313
1543 4.233
1544 3.916
1545 6.672
1546 5.517
1547 3.981
1548 4.517
1549 5.488
1550 2.955
1551 4.866
1552 4.625
1553 3.772
1554 5.038
1555 5.819
1556 5.409
1557 4.002
1558 3.148
1559 4.855
1560 2.903
1561 4.322
1562 6.826
1563 6.226
1564 3.619
1565 6.413
1566 3.739
1567 3.172
1568 4.267
1569 4.563
1570 5.286
1571 3.348
1572 2.460
1573 3.068
1574 3.745
1575 3.064
1576 3.877
1577 5.315
1578 5.564
1579 3.794
1580 5.418
1581 4.138
1582 5.629
1583 7.125
1584 5.049
1585 3.555
1586 6.458
1587 3.037
1588 3.811
1589 4.118
1590 3.938
1591 4.736
1592 4.650
1593 5.556
1594 5.552
1595 5.942
1596 5.816
1597 5.194
1598 3.749
1599 4.915
1600 4.960
1601 5.817
1602 4.684
1603 5.382
1604 5.730
1605 6.321
1606 5.383
1607 6.363
1608 5.233
1609 4.747
1610 6.476
1611 3.938
1612 4.363
1613 5.167
1614 4.365
1615 5.327
1616 4.080
1617 3.867
1618 5.495
1619 5.519
1620 5.339
1621 5.842
1622 4.065
1623 3.525
1624 3.864
1625 5.545
1626 4.432
1627 5.343
1628 6.002
1629 4.201
1630 4.702
1631 5.645
1632 3.441
1633 5.458
1634 7.453
1635 5.019
1636 6.000
1637 4.867
1638 5.909
1639 5.646
1640 3.919
1641 4.017
1642 4.807
1643 4.024
1644 4.027
1645 6.409
1646 4.393
1647 4.303
1648 5.073
1649 5.852
1650 5.205
1651 7.918
1652 5.044
1653 5.943
1654 7.095
1655 4.270
1656 4.455
1657 3.689
1658 4.387
1659 4.315
1660 5.225
1661 4.976
1662 5.551
1663 3.413
1664 3.628
1665 3.671
1666 3.687
1667 3.673
1668 3.577
1669 3.990
1670 3.725
1671 4.079
1672 5.191
1673 3.442
1674 6.778
1675 4.404
1676 3.847
1677 3.934
1678 4.844
1679 3.682
1680 5.119
1681 3.912
1682 6.986
1683 4.186
1684 6.189
1685 6.320
1686 6.995
1687 3.656
1688 3.586
1689 5.778
1690 2.690
1691 3.681
1692 3.016
1693 2.716
1694 3.084
1695 3.411
1696 2.898
1697 3.284
1698 4.323
1699 3.194
1700 3.482
1701 4.519
1702 2.990
1703 2.510
1704 3.474
1705 4.567
1706 2.656
1707 3.817
1708 4.191
1709 2.715
1710 3.583
1711 3.143
1712 4.043
1713 4.561
1714 4.680
1715 3.872
1716 4.621
1717 3.782
1718 3.212
1719 3.832
1720 4.287
1721 4.263
1722 3.837
1723 2.099
1724 2.272
1725 2.339
1726 2.844
1727 3.190
1728 2.569
1729 4.165
1730 3.293
1731 4.910
1732 4.469
1733 5.200
1734 4.627
1735 3.233
1736 4.106
1737 3.970
1738 5.227
1739 3.861
1740 3.542
1741 4.462
1742 3.363
1743 4.543
1744 4.329
1745 2.693
1746 3.736
1747 4.240
1748 4.375
1749 3.165
1750 5.184
1751 3.894
1752 4.287
1753 3.829
1754 5.866
1755 4.035
1756 2.994
1757 5.391
1758 4.415
1759 3.744
1760 5.127
1761 4.294
1762 4.350
1763 3.753
1764 4.860
1765 2.769
1766 3.140
1767 4.312
1768 5.525
1769 2.215
1770 3.035
1771 3.763
1772 3.473
1773 3.524
1774 3.147
1775 5.124
1776 4.566
1777 4.578
1778 4.427
1779 5.121
1780 3.674
1781 4.689
1782 2.601
1783 2.533
1784 3.575
1785 4.124
1786 2.875
1787 4.603
1788 4.845
1789 5.149
1790 4.019
1791 4.051
1792 2.320
1793 4.599
1794 3.538
1795 4.192
1796 6.098
1797 4.582
1798 3.880
1799 7.267
1800 4.593
1801 6.244
1802 4.852
1803 4.447
1804 3.339
1805 6.817
1806 4.780
1807 6.332
1808 6.586
1809 6.042
1810 2.743
1811 3.334
1812 3.015
1813 1.765
1814 4.086
1815 5.418
1816 2.462
1817 3.072
1818 3.317
1819 3.232
1820 2.849
1821 4.206
1822 4.336
1823 3.462
1824 5.582
1825 6.253
1826 4.531
1827 3.151
1828 2.957
1829 3.480
1830 4.570
1831 2.685
1832 3.282
1833 4.764
1834 5.649
1835 5.980
1836 3.999
1837 3.383
1838 3.750
1839 3.318
1840 3.202
1841 2.757
1842 4.366
1843 2.824
1844 2.611
1845 2.971
1846 3.096
1847 6.383
1848 2.586
1849 3.922
1850 4.148
1851 4.177
1852 2.894
1853 4.996
1854 2.852
1855 4.127
1856 4.582
1857 3.429
1858 4.421
1859 2.954
1860 4.962
1861 4.185
1862 3.270
1863 4.028
1864 2.766
1865 5.553
1866 4.233
1867 3.743
1868 5.842
1869 3.544
1870 5.197
1871 4.079
1872 4.032
1873 4.198
1874 5.063
1875 4.672
1876 3.940
1877 3.407
1878 3.062
1879 3.253
1880 3.817
1881 2.841
1882 2.550
1883 4.579
1884 2.967
1885 1.537
1886 2.872
1887 1.641
1888 3.169
1889 4.911
1890 4.052
1891 3.035
1892 3.074
1893 3.021
1894 3.529
1895 3.278
1896 3.776
1897 3.323
1898 4.349
1899 4.959
1900 4.891
1901 5.317
1902 2.700
1903 3.927
1904 3.775
1905 7.753
1906 5.592
1907 6.341
1908 4.571
1909 6.484
1910 3.872
1911 4.733
1912 4.840
1913 4.146
1914 5.762
1915 6.549
1916 7.396
1917 5.091
1918 4.719
1919 5.473
1920 3.598
1921 2.928
1922 4.174
1923 4.153
1924 3.216
1925 4.688
1926 3.991
1927 2.765
1928 4.284
1929 5.179
1930 4.633
1931 3.489
1932 4.864
1933 4.540
1934 5.041
1935 8.043
1936 4.466
1937 2.382
1938 3.725
1939 3.263
1940 4.056
1941 4.006
1942 3.417
1943 3.821
1944 4.113
1945 4.079
1946 3.108
1947 3.936
1948 3.342
1949 4.778
1950 3.535
1951 1.634
1952 3.676
1953 3.573
1954 3.513
1955 4.862
1956 4.525
1957 4.335
1958 3.028
1959 3.427
1960 6.689
1961 6.338
1962 4.466
1963 5.050
1964 4.054
1965 4.163
1966 4.441
1967 5.541
1968 4.338
1969 4.884
1970 5.867
1971 6.636
1972 7.396
1973 4.205
1974 5.468
1975 4.960
1976 4.750
1977 5.700
1978 3.381
1979 4.967
1980 3.544
1981 4.876
1982 3.681
1983 4.408
1984 3.490
1985 2.926
1986 5.222
1987 5.222
1988 4.774
1989 4.401
1990 5.871
1991 4.087
1992 7.644
1993 6.861
1994 6.694
1995 6.879
1996 5.826
1997 4.540
1998 6.060
1999 4.384
2000 3.878
2001 5.689
2002 4.184
2003 5.182
2004 4.472
2005 4.305
2006 4.143
2007 3.937
2008 3.807
2009 5.193
2010 4.091
2011 5.956
2012 3.289
2013 4.937
2014 2.979
2015 4.907
2016 4.572
2017 3.771
2018 4.585
2019 3.833
2020 4.863
2021 3.937
2022 3.170
2023 3.193
2024 4.093
2025 3.932
2026 4.419
2027 4.027
2028 3.696
2029 4.310
2030 4.821
2031 4.409
2032 5.003
2033 4.838
2034 3.799
2035 4.048
2036 4.268
2037 4.729
2038 4.758
2039 5.442
2040 4.611
2041 4.409
2042 4.833
2043 4.514
2044 4.169
2045 4.817
2046 3.448
2047 5.042
2048 4.854
2049 6.344
2050 5.958
2051 4.059
2052 4.481
2053 5.172
2054 6.058
2055 3.572
2056 4.035
2057 5.870
2058 4.990
2059 4.976
2060 3.603
2061 5.324
2062 3.705
2063 4.343
2064 4.635
2065 4.113
2066 3.449
2067 5.041
2068 4.779
2069 5.544
2070 5.773
2071 6.714
2072 3.968
2073 4.202
2074 5.203
2075 3.123
2076 2.796
2077 4.384
2078 4.631
2079 5.242
2080 4.591
2081 4.242
2082 6.038
2083 4.769
2084 3.683
2085 4.900
2086 3.615
2087 3.937
2088 4.871
2089 5.857
2090 5.451
2091 4.721
2092 4.584
2093 4.877
2094 6.579
2095 4.895
2096 4.182
2097 7.286
2098 7.655
2099 6.606
2100 4.323
2101 3.868
2102 5.194
2103 4.541
2104 3.240
2105 5.755
2106 3.765
2107 6.396
2108 4.346
2109 3.855
2110 5.170
2111 6.520
2112 6.009
2113 4.304
2114 5.805
2115 4.154
2116 3.963
2117 6.958
2118 4.190
2119 4.084
2120 4.013
2121 5.788
2122 2.830
2123 4.144
2124 4.577
2125 5.395
2126 6.922
2127 8.048
2128 6.139
2129 5.510
2130 6.347
2131 6.359
2132 6.673
2133 5.935
2134 5.884
2135 5.023
2136 6.011
2137 4.907
2138 4.717
2139 3.576
2140 3.649
2141 4.968
2142 6.813
2143 6.643
2144 5.289
2145 5.737
2146 6.279
2147 5.156
2148 4.611
2149 6.191
2150 5.618
2151 4.167
2152 5.662
2153 5.731
2154 3.445
2155 4.330
2156 5.111
2157 3.443
2158 5.363
2159 3.891
2160 4.424
2161 5.274
2162 5.395
2163 5.765
2164 3.529
2165 5.188
2166 5.469
2167 5.010
2168 5.447
2169 2.854
2170 6.205
2171 5.391
2172 6.483
2173 3.687
2174 6.425
2175 6.647
2176 3.275
2177 4.340
2178 6.093
2179 6.363
2180 6.431
2181 4.161
2182 6.803
2183 7.735
2184 4.629
2185 6.208
2186 5.067
2187 5.638
2188 4.290
2189 5.917
2190 4.554
2191 5.040
2192 5.991
2193 7.430
2194 6.894
2195 4.236
2196 4.084
2197 5.762
2198 6.581
2199 6.235
