# Paley(23) - v (n=22): margin-1, k=5, per-base-state search seconds
0 3.742
1 4.293
2 3.106
3 2.214
4 4.066
5 3.052
6 3.659
7 4.097
8 2.931
9 4.704
10 4.622
11 4.006
12 4.752
13 3.651
14 4.064
15 5.061
16 3.118
17 3.559
18 3.507
19 2.946
20 1.603
21 3.776
22 3.408
23 3.476
24 2.443
25 4.063
26 4.41
27 3.489
28 4.266
29 4.385
30 3.752
31 2.644
32 3.255
33 3.572
34 1.731
35 4.57
36 3.598
37 4.246
38 3.984
39 5.896
40 3.405
41 2.133
42 3.849
43 3.292
44 4.046
45 3.664
46 4.249
47 3.505
48 3.27
49 4.668
50 5.279
51 4.777
52 3.798
53 4.905
54 4.584
55 6.175
56 4.4
57 5.718
58 3.767
59 2.387
60 4.017
61 2.858
62 4.332
63 4.025
64 3.016
65 6.89
66 6.657
67 7.212
68 5.337
69 3.452
70 3.905
71 4.178
72 6.454
73 6.523
74 5.28
75 6.188
76 3.952
77 4.688
78 4.404
79 3.308
80 4.128
81 3.913
82 3.822
83 5.27
84 2.281
85 2.718
86 3.401
87 3.522
88 3.253
89 4.229
90 3.473
91 3.055
92 4.601
93 3.968
94 3.453
95 3.948
96 4.045
97 3.844
98 3.78
99 4.777
100 2.983
101 2.758
102 4.245
103 5.965
104 3.325
105 3.715
106 3.888
107 3.089
108 4.339
109 3.971
110 5.666
111 5.506
112 4.599
113 6.019
114 3.365
115 6.218
116 6.08
117 5.18
118 4.081
119 4.952
120 2.396
121 5.865
122 5.136
123 4.922
124 4.868
125 3.263
126 4.036
127 6.93
128 3.309
129 6.628
130 7.841
131 5.946
132 4.523
133 3.987
134 4.401
135 6.874
136 3.832
137 3.046
138 5.197
139 5.246
140 5.178
141 3.945
142 3.353
143 3.185
144 1.916
145 4.028
146 5.161
147 4.772
148 4.481
149 4.346
150 5.965
151 4.599
152 3.827
153 3.562
154 5.855
155 4.966
156 2.914
157 2.77
158 3.68
159 3.986
160 3.493
161 4.36
162 3.594
163 2.729
164 3.55
165 3.343
166 2.653
167 3.385
168 2.18
169 5.958
170 3.995
171 4.922
172 5.724
173 4.125
174 2.275
175 2.997
176 3.085
177 4.214
178 6.148
179 3.128
180 4.032
181 3.644
182 4.631
183 2.23
184 2.892
185 2.514
186 6.319
187 5.29
188 5.465
189 2.767
190 2.868
191 4.372
192 2.534
193 2.678
194 3.26
195 3.091
196 1.106
197 4.7
198 2.288
199 4.84
200 4.695
201 2.598
202 3.112
203 4.032
204 4.86
205 2.42
206 3.519
207 1.996
208 3.891
209 3.107
210 3.027
211 3.969
212 4.923
213 4.71
214 4.81
215 4.222
216 2.741
217 3.39
218 3.233
219 2.52
220 1.831
221 4.804
222 3.273
223 5.699
224 2.741
225 3.582
226 2.593
227 4.529
228 3.243
229 5.579
230 2.156
231 4.112
232 2.428
233 4.424
234 2.88
235 5.372
236 3.363
237 4.592
238 5.523
239 3.294
240 2.401
241 5.368
242 2.966
243 2.815
244 3.577
245 3.929
246 7.199
247 3.127
248 3.248
249 3.76
250 4.58
251 4.047
252 2.917
253 4.705
254 6.107
255 3.857
256 2.772
257 4.041
258 4.235
259 3.136
260 1.984
261 3.684
262 4.957
263 2.967
264 2.083
265 4.655
266 2.399
267 2.124
268 3.585
269 3.905
270 2.78
271 2.007
272 2.977
273 4.512
274 4.669
275 5.97
276 5.447
277 4.067
278 4.049
279 4.484
280 5.7
281 5.268
282 4.787
283 4.017
284 3.844
285 4.86
286 1.916
287 5.228
288 4.957
289 4.531
290 2.917
291 4.287
292 5.954
293 4.529
294 3.507
295 3.587
296 2.557
297 2.634
298 3.108
299 3.071
300 1.793
301 4.246
302 5.983
303 3.786
304 6.308
305 6.903
306 4.132
307 4.238
308 4.058
309 2.019
310 3.265
311 3.774
312 2.832
313 3.196
314 5.037
315 7.644
316 4.143
317 5.976
318 5.607
319 5.529
320 6.296
321 5.564
322 3.456
323 3.547
324 4.192
325 4.049
326 4.89
327 2.605
328 3.922
329 3.188
330 6.731
331 4.736
332 5.205
333 3.154
334 6.156
335 3.979
336 4.776
337 5.606
338 2.885
339 2.816
340 3.733
341 3.468
342 6.716
343 4.669
344 4.295
345 2.214
346 4.733
347 2.773
348 3.557
349 3.7
350 2.117
351 2.825
352 3.118
353 2.722
354 1.074
355 2.782
356 2.456
357 3.307
358 2.132
359 1.653
360 4.728
361 6.479
362 3.409
363 2.923
364 4.478
365 5.315
366 5.147
367 4.692
368 2.746
369 3.581
370 5.541
371 7.691
372 3.931
373 3.659
374 4.065
375 3.452
376 2.111
377 5.173
378 8.848
379 5.964
380 5.726
381 4.4
382 3.929
383 4.079
384 4.485
385 2.839
386 4.882
387 3.684
388 5.426
389 7.772
390 4.255
391 4.2
392 5.754
393 4.906
394 2.581
395 4.824
396 4.499
397 4.151
398 3.666
399 4.151
400 4.065
401 3.642
402 4.826
403 5.598
404 4.474
405 4.689
406 5.332
407 4.586
408 5.985
409 5.047
410 3.71
411 3.817
412 3.716
413 3.911
414 6.675
415 4.351
416 4.778
417 4.266
418 4.175
419 5.265
420 5.117
421 6.211
422 4.387
423 2.742
424 2.908
425 3.55
426 3.506
427 4.171
428 3.538
429 3.51
430 2.706
431 3.478
432 4.471
433 2.375
434 4.253
435 2.219
436 3.588
437 4.162
438 4.714
439 4.706
440 3.918
441 4.219
442 4.913
443 4.057
444 3.797
445 3.849
446 3.971
447 9.246
448 7.298
449 6.649
450 4.24
451 3.387
452 3.983
453 3.377
454 5.825
455 5.669
456 6.132
457 4.018
458 4.663
459 2.423
460 4.66
461 3.422
462 1.624
463 3.146
464 6.952
465 2.935
466 3.1
467 2.35
468 3.309
469 4.863
470 2.496
471 3.245
472 2.962
473 3.599
474 1.778
475 2.877
476 3.173
477 2.495
478 5.242
479 8.234
480 3.219
481 3.041
482 5.868
483 2.901
484 5.407
485 3.354
486 3.05
487 4.493
488 5.979
489 4.884
490 3.632
491 3.103
492 3.888
493 4.024
494 3.524
495 3.182
496 2.071
497 3.05
498 2.347
499 2.888
500 4.417
501 2.535
502 3.883
503 4.892
504 2.748
505 2.296
506 2.274
507 2.711
508 4.892
509 5.293
510 4.742
511 5.014
512 4.117
513 4.89
514 3.579
515 4.687
516 7.555
517 5.189
518 4.287
519 6.024
520 3.444
521 4.793
522 4.585
523 3.366
524 3.757
525 6.91
526 6.206
527 5.93
528 6.085
529 4.912
530 3.87
531 4.204
532 3.851
533 2.71
534 3.057
535 4.568
536 2.678
537 2.499
538 4.392
539 2.655
540 4.345
541 3.752
542 4.439
543 3.934
544 3.764
545 4.605
546 5.001
547 4.092
548 4.885
549 4.146
550 3.579
551 3.41
552 4.671
553 5.071
554 5.924
555 2.13
556 3.705
557 4.955
558 4.557
559 2.093
560 4.927
561 4.148
562 2.96
563 4.05
564 3.482
565 3.378
566 6.282
567 5.106
568 6.505
569 3.844
570 3.275
571 3.286
572 4.71
573 4.963
574 6.37
575 6.5
576 4.825
577 4.236
578 3.334
579 3.313
580 4.436
581 2.62
582 3.49
583 4.368
584 6.94
585 4.294
586 5.181
587 3.333
588 4.256
589 4.371
590 7.13
591 5.096
592 5.225
593 6.518
594 7.671
595 4.138
596 3.401
597 7.686
598 2.755
599 2.287
600 4.697
601 3.745
602 3.019
603 3.294
604 3.339
605 4.362
606 3.687
607 3.644
608 5.85
609 3.361
610 2.907
611 3.383
612 3.946
613 4.866
614 4.331
615 4.98
616 3.836
617 3.828
618 3.254
619 2.882
620 4.001
621 5.178
622 4.68
623 4.252
624 5.054
625 3.75
626 3.063
627 3.975
628 3.936
629 2.515
630 4.108
631 5.17
632 5.208
633 3.342
634 4.522
635 2.305
636 2.874
637 4.103
638 5.621
639 5.712
640 3.995
641 2.708
642 2.617
643 5.057
644 3.747
645 2.526
646 3.571
647 2.295
648 3.532
649 2.455
650 3.453
651 2.564
652 3.265
653 2.709
654 5.638
655 2.114
656 3.633
657 4.276
658 2.324
659 3.585
660 4.505
661 2.831
662 2.513
663 4.014
664 3.237
665 4.497
666 4.359
667 3.626
668 3.257
669 4.613
670 3.234
671 3.129
672 2.579
673 2.37
674 2.899
675 3.447
676 2.127
677 3.674
678 4.756
679 3.74
680 4.78
681 6.305
682 4.205
683 4.266
684 3.838
685 2.099
686 2.347
687 2.841
688 3.796
689 5.157
690 3.017
691 4.806
692 4.089
693 3.458
694 4.18
695 3.785
696 4.093
697 2.465
698 3.069
699 2.912
700 4.373
701 2.557
702 2.346
703 2.677
704 4.181
705 3.769
706 3.829
707 3.45
708 4.706
709 4.957
710 4.408
711 4.588
712 3.097
713 4.295
714 3.981
715 5.363
716 4.652
717 3.524
718 4.966
719 4.905
720 4.295
721 5.629
722 4.713
723 5.92
724 4.248
725 4.091
726 4.893
727 3.6
728 3.885
729 5.003
730 2.669
731 3.352
732 3.825
733 4.925
734 3.625
735 3.768
736 1.955
737 2.737
738 2.738
739 2.022
740 2.682
741 2.212
742 3.471
743 3.242
744 2.249
745 3.085
746 3.993
747 2.995
748 3.497
749 3.93
750 3.257
751 4.794
752 5.078
753 4.172
754 3.363
755 3.466
756 3.564
757 3.659
758 3.396
759 4.295
760 5.87
761 4.38
762 4.979
763 4.542
764 3.298
765 3.583
766 5.537
767 5.793
768 6.594
769 6.548
770 5.927
771 4.009
772 6.737
773 5.136
774 5.161
775 4.108
776 5.193
777 5.53
778 3.662
779 3.079
780 3.727
781 3.673
782 4.328
783 4.645
784 4.167
785 2.256
786 5.935
787 4.654
788 4.216
789 4.374
790 3.287
791 4.817
792 4.081
793 5.445
794 5.16
795 3.877
796 3.905
797 4.044
798 2.03
799 3.648
800 3.265
801 4.595
802 5.308
803 4.234
804 2.573
805 3.146
806 3.015
807 1.036
808 3.909
809 2.566
810 4.776
811 2.574
812 4.436
813 4.538
814 3.64
815 3.275
816 2.719
817 5.258
818 1.511
819 3.977
820 3.682
821 2.569
822 4.099
823 4.939
824 3.863
825 3.421
826 3.943
827 3.36
828 5.286
829 4.756
830 2.766
831 3.087
832 5.086
833 5.022
834 4.482
835 3.285
836 3.527
837 3.29
838 2.009
839 3.991
840 5.727
841 4.843
842 5.039
843 4.921
844 3.565
845 4.586
846 2.677
847 2.728
848 4.349
849 4.117
850 3.275
851 4.13
852 1.801
853 2.602
854 5.124
855 3.773
856 4.931
857 3.647
858 3.725
859 3.699
860 3.794
861 3.715
862 5.553
863 4.572
864 3.23
865 3.757
866 3.538
867 3.759
868 3.549
869 1.673
870 5.15
871 4.621
872 4.242
873 2.936
874 3.523
875 4.779
876 3.412
877 3.857
878 4.078
879 4.34
880 3.732
881 4.514
882 7.878
883 4.066
884 4.277
885 3.181
886 4.871
887 5.329
888 3.031
889 2.478
890 3.401
891 3.444
892 2.601
893 4.249
894 4.589
895 4.102
896 5.08
897 4.664
898 6.002
899 6.417
900 5.646
901 4.149
902 4.025
903 5.274
904 3.937
905 2.73
906 4.575
907 4.798
908 6.457
909 3.457
910 4.368
911 3.604
912 2.553
913 4.135
914 2.932
915 3.322
916 4.549
917 3.38
918 5.841
919 3.404
920 3.092
921 3.624
922 2.98
923 3.419
924 4.574
925 5.925
926 5.141
927 4.866
928 6.639
929 6.088
930 5.179
931 6.378
932 4.914
933 4.175
934 3.488
935 3.766
936 4.531
937 3.751
938 4.299
939 5.498
940 4.468
941 4.725
942 5.963
943 4.296
944 4.674
945 3.838
946 3.65
947 5.841
948 4.152
949 4.26
950 3.841
951 3.384
952 5.756
953 5.724
954 4.496
955 4.506
956 4.45
957 4.455
958 4.847
959 3.503
960 3.319
961 3.369
962 5.116
963 4.487
964 5.213
965 3.444
966 6.764
967 3.431
968 6.421
969 4.848
970 7.293
971 3.875
972 5.332
973 7.08
974 6.256
975 3.763
976 3.113
977 4.941
978 6.92
979 5.63
980 4.525
981 3.739
982 3.123
983 4.597
984 3.572
985 4.278
986 4.658
987 4.877
988 2.723
989 5.584
990 5.156
991 4.1
992 4.113
993 4.528
994 2.989
995 3.634
996 3.65
997 4.876
998 3.005
999 4.094
1000 3.967
1001 4.37
1002 3.044
1003 4.549
1004 2.967
1005 3.45
1006 6.167
1007 5.022
1008 5.676
1009 3.396
1010 3.113
1011 5.505
1012 7.193
1013 3.487
1014 3.784
1015 4.507
1016 6.213
1017 7.565
1018 3.984
1019 5.592
1020 4.23
1021 4.992
1022 3.936
1023 4.923
1024 4.445
1025 3.361
1026 7.452
1027 3.825
1028 3.483
1029 3.906
1030 5.111
1031 6.421
1032 3.592
1033 3.842
1034 6.584
1035 3.322
1036 6.126
1037 3.901
1038 4.151
1039 3.906
1040 6.245
1041 6.013
1042 2.904
1043 2.641
1044 5.57
1045 5.376
1046 5.603
1047 5.033
1048 4.574
1049 4.236
1050 3.347
1051 4.419
1052 3.093
1053 4.191
1054 5.014
1055 3.43
1056 5.909
1057 4.989
1058 4.623
1059 3.75
1060 3.022
1061 3.351
1062 5.08
1063 6.778
1064 6.166
1065 6.542
1066 7.29
1067 5.187
1068 4.279
1069 4.087
1070 4.39
1071 4.61
1072 4.873
1073 3.736
1074 5.599
1075 4.963
1076 5.377
1077 3.999
1078 5.669
1079 4.524
1080 2.861
1081 5.114
1082 5.501
1083 5.518
1084 4.739
1085 5.232
1086 4.481
1087 6.698
1088 5.386
1089 4.117
1090 6.726
1091 9.483
1092 6.945
1093 5.217
1094 5.939
1095 5.923
1096 7.711
1097 7.428
1098 1.713
1099 3.466
1100 3.048
1101 2.514
1102 3.945
1103 5.195
1104 2.682
1105 2.403
1106 4.315
1107 4.347
1108 2.09
1109 2.3
1110 2.136
1111 3.407
1112 2.591
1113 3.546
1114 4.923
1115 2.862
1116 2.602
1117 2.528
1118 4.803
1119 4.134
1120 3.289
1121 3.4
1122 3.032
1123 3.115
1124 2.509
1125 3.094
1126 2.548
1127 3.531
1128 4.165
1129 4.603
1130 4.298
1131 2.764
1132 2.757
1133 2.664
1134 2.734
1135 1.183
1136 1.219
1137 5.309
1138 4.591
1139 2.893
1140 2.744
1141 2.863
1142 3.76
1143 3.699
1144 4.707
1145 5.177
1146 4.519
1147 5.622
1148 5.037
1149 3.981
1150 3.87
1151 6.101
1152 6.649
1153 6.598
1154 6.127
1155 4.052
1156 5.418
1157 4.734
1158 7.282
1159 4.523
1160 4.09
1161 4.422
1162 5.406
1163 3.543
1164 6.354
1165 4.059
1166 4.48
1167 5.401
1168 5.232
1169 6.305
1170 6.076
1171 3.92
1172 5.998
1173 4.911
1174 3.157
1175 6.007
1176 6.111
1177 3.342
1178 2.269
1179 4.362
1180 4.647
1181 5.018
1182 4.143
1183 4.442
1184 3.662
1185 2.374
1186 3.27
1187 7.616
1188 3.605
1189 4.636
1190 2.411
1191 6.145
1192 3.88
1193 4.635
1194 4.644
1195 4.607
1196 4.41
1197 3.913
1198 6.015
1199 6.27
1200 5.415
1201 5.45
1202 4.587
1203 3.277
1204 5.346
1205 3.358
1206 4.117
1207 5.519
1208 5.77
1209 5.61
1210 5.053
1211 5.468
1212 2.758
1213 4.483
1214 4.53
1215 6.004
1216 2.651
1217 5.592
1218 4.775
1219 1.337
1220 2.798
1221 5.978
1222 2.799
1223 5.149
1224 4.456
1225 6.987
1226 4.466
1227 4.161
1228 4.393
1229 5.364
1230 4.073
1231 2.605
1232 3.915
1233 3.313
1234 4.493
1235 6.865
1236 4.974
1237 5.272
1238 4.283
1239 3.625
1240 3.337
1241 5.099
1242 4.812
1243 4.53
1244 4.634
1245 7.034
1246 2.797
1247 6.59
1248 3.627
1249 3.632
1250 5.439
1251 5.542
1252 5.073
1253 5.475
1254 4.913
1255 4.803
1256 4.762
1257 3.804
1258 4.797
1259 2.881
1260 3.805
1261 2.103
1262 5.929
1263 3.37
1264 3.818
1265 3.776
1266 4.615
1267 4.9
1268 5.392
1269 6.107
1270 4.441
1271 4.009
1272 5.143
1273 5.331
1274 4.752
1275 7.46
1276 4.668
1277 3.556
1278 6.823
1279 4.256
1280 6.126
1281 5.532
1282 6.728
1283 3.92
1284 6.128
1285 3.846
1286 5.644
1287 7.457
1288 5.42
1289 5.06
1290 4.656
1291 8.676
1292 4.804
1293 4.0
1294 3.997
1295 3.873
1296 5.104
1297 3.134
1298 5.934
1299 4.986
1300 4.964
1301 4.295
1302 4.675
1303 5.604
1304 2.899
1305 3.252
1306 2.786
1307 4.857
1308 2.607
1309 2.509
1310 3.363
1311 3.521
1312 4.615
1313 4.252
1314 3.073
1315 3.054
1316 5.213
1317 3.439
1318 4.128
1319 5.146
1320 4.941
1321 4.93
1322 3.977
1323 3.305
1324 4.66
1325 4.243
1326 4.102
1327 3.551
1328 3.192
1329 4.561
1330 5.106
1331 4.724
1332 4.336
1333 4.588
1334 4.545
1335 4.301
1336 2.655
1337 4.767
1338 2.889
1339 2.918
1340 4.585
1341 5.385
1342 3.437
1343 3.991
1344 6.515
1345 5.147
1346 4.328
1347 4.726
1348 4.323
1349 3.549
1350 3.492
1351 5.062
1352 5.433
1353 4.521
1354 5.298
1355 3.41
1356 3.008
1357 4.212
1358 5.019
1359 4.521
1360 7.533
1361 4.173
1362 3.712
1363 3.907
1364 4.053
1365 6.389
1366 4.135
1367 3.814
1368 6.91
1369 4.991
1370 3.346
1371 3.899
1372 5.022
1373 7.124
1374 4.092
1375 3.656
1376 4.173
1377 3.946
1378 7.125
1379 5.442
1380 2.86
1381 2.395
1382 3.023
1383 5.171
1384 4.282
1385 5.413
1386 4.809
1387 3.463
1388 3.109
1389 4.753
1390 5.416
1391 3.201
1392 6.041
1393 6.256
1394 6.138
1395 2.856
1396 5.698
1397 3.561
1398 6.444
1399 4.528
1400 7.049
1401 4.825
1402 4.889
1403 4.716
1404 6.213
1405 3.835
1406 3.617
1407 6.821
1408 5.21
1409 3.025
1410 3.792
1411 3.883
1412 5.067
1413 3.343
1414 3.441
1415 3.078
1416 3.461
1417 3.462
1418 3.857
1419 2.703
1420 5.586
1421 7.766
1422 8.745
1423 3.808
1424 5.706
1425 6.928
1426 4.052
1427 2.976
1428 5.257
1429 4.815
1430 3.441
1431 5.052
1432 5.042
1433 5.092
1434 5.524
1435 4.881
1436 4.175
1437 4.537
1438 3.436
1439 3.34
1440 4.102
1441 4.144
1442 3.237
1443 5.056
1444 3.591
1445 4.688
1446 4.423
1447 3.435
1448 4.264
1449 4.418
1450 3.198
1451 6.715
1452 6.704
1453 4.894
1454 3.755
1455 3.815
1456 4.215
1457 5.601
1458 3.12
1459 3.251
1460 6.171
1461 3.66
1462 2.47
1463 4.223
1464 3.808
1465 4.448
1466 4.583
1467 4.677
1468 4.136
1469 3.77
1470 3.364
1471 3.666
1472 4.925
1473 3.209
1474 2.411
1475 2.817
1476 3.509
1477 3.237
1478 4.659
1479 3.504
1480 4.272
1481 6.179
1482 4.29
1483 2.831
1484 6.394
1485 4.538
1486 2.295
1487 3.802
1488 4.195
1489 2.515
1490 3.779
1491 3.061
1492 5.275
1493 1.946
1494 3.418
1495 5.09
1496 3.802
1497 4.778
1498 4.849
1499 4.003
1500 2.635
1501 5.721
1502 5.253
1503 4.625
1504 6.759
1505 5.374
1506 3.342
1507 4.853
1508 7.467
1509 4.314
1510 5.546
1511 3.556
1512 3.585
1513 5.371
1514 3.991
1515 7.851
1516 5.724
1517 6.239
1518 4.289
1519 4.195
1520 4.605
1521 4.327
1522 4.07
1523 4.139
1524 3.686
1525 3.602
1526 3.471
1527 5.3
1528 2.559
1529 3.541
1530 3.991
1531 3.322
1532 2.822
1533 2.315
1534 6.27
1535 2.94
1536 4.376
1537 4.454
1538 2.651
1539 4.387
1540 3.654
1541 3.282
1542 4.864
1543 2.954
1544 2.799
1545 2.187
1546 4.65
1547 2.755
1548 6.29
1549 3.702
1550 4.644
1551 3.036
1552 2.653
1553 2.318
1554 4.853
1555 4.391
1556 3.578
1557 5.575
1558 3.368
1559 3.616
1560 4.351
1561 2.313
1562 2.988
1563 5.697
1564 3.572
1565 5.996
1566 5.629
1567 3.42
1568 4.385
1569 4.587
1570 5.502
1571 4.624
1572 5.877
1573 5.292
1574 6.17
1575 3.855
1576 3.531
1577 2.665
1578 4.093
1579 2.209
1580 3.768
1581 3.557
1582 4.968
1583 5.193
1584 3.353
1585 2.667
1586 2.633
1587 2.971
1588 4.166
1589 4.82
1590 2.456
1591 2.966
1592 4.064
1593 3.65
1594 3.546
1595 3.674
1596 2.714
1597 3.203
1598 2.594
1599 2.239
1600 3.646
1601 4.123
1602 5.213
1603 3.892
1604 4.463
1605 3.919
1606 3.654
1607 3.121
1608 3.919
1609 2.806
1610 3.897
1611 2.763
1612 3.542
1613 4.162
1614 3.994
1615 3.113
1616 3.469
1617 3.425
1618 4.259
1619 2.797
1620 2.759
1621 4.131
1622 1.875
1623 3.816
1624 5.664
1625 4.407
1626 4.343
1627 3.373
1628 3.979
1629 4.942
1630 4.83
1631 3.096
1632 4.815
1633 4.838
1634 2.89
1635 3.82
1636 3.909
1637 4.407
1638 3.409
1639 3.939
1640 3.853
1641 4.319
1642 3.69
1643 3.501
1644 5.169
1645 4.534
1646 4.169
1647 5.37
1648 4.97
1649 3.296
1650 3.351
1651 4.421
1652 4.604
1653 2.635
1654 3.782
1655 4.563
1656 4.098
1657 3.97
1658 3.4
1659 2.339
1660 4.351
1661 3.512
1662 6.198
1663 3.196
1664 3.685
1665 4.227
1666 2.718
1667 2.981
1668 5.276
1669 3.372
1670 3.069
1671 3.605
1672 3.606
1673 3.01
1674 1.798
1675 3.257
1676 4.03
1677 2.266
1678 5.289
1679 4.337
1680 4.197
1681 3.691
1682 4.627
1683 2.704
1684 3.713
1685 2.908
1686 2.745
1687 2.25
1688 2.216
1689 2.751
1690 2.687
1691 3.045
1692 4.319
1693 4.771
1694 3.533
1695 3.046
1696 2.573
1697 2.147
1698 2.841
1699 2.721
1700 1.529
1701 2.184
1702 3.889
1703 3.046
1704 4.684
1705 2.656
1706 3.995
1707 3.91
1708 3.777
1709 2.464
1710 3.911
1711 3.428
1712 3.59
1713 2.823
1714 3.639
1715 4.212
1716 3.376
1717 2.968
1718 4.07
1719 2.487
1720 4.079
1721 1.688
1722 2.825
1723 4.284
1724 5.061
1725 5.215
1726 5.129
1727 3.532
1728 4.506
1729 2.428
1730 3.615
1731 4.509
1732 3.843
1733 3.202
1734 3.233
1735 4.008
1736 4.751
1737 4.092
1738 2.174
1739 3.785
1740 3.866
1741 4.499
1742 3.176
1743 5.487
1744 3.951
1745 4.357
1746 6.39
1747 4.744
1748 2.979
1749 3.731
1750 3.351
1751 5.608
1752 5.089
1753 5.121
1754 5.602
1755 5.52
1756 5.786
1757 4.769
1758 4.309
1759 4.331
1760 4.245
1761 3.07
1762 3.089
1763 4.628
1764 5.852
1765 5.205
1766 3.844
1767 6.364
1768 5.385
1769 3.149
1770 5.458
1771 4.484
1772 5.535
1773 5.25
1774 7.083
1775 4.465
1776 4.252
1777 3.977
1778 4.817
1779 4.685
1780 5.479
1781 3.344
1782 5.662
1783 5.323
1784 3.858
1785 5.408
1786 2.56
1787 3.607
1788 3.707
1789 3.832
1790 3.619
1791 3.579
1792 4.339
1793 3.875
1794 3.278
1795 3.793
1796 3.806
1797 3.746
1798 2.565
1799 4.812
1800 4.597
1801 4.476
1802 3.005
1803 3.528
1804 3.471
1805 4.393
1806 2.944
1807 2.605
1808 5.623
1809 5.944
1810 5.1
1811 4.519
1812 4.429
1813 4.304
1814 3.147
1815 4.872
1816 3.633
1817 2.768
1818 3.132
1819 4.021
1820 4.754
1821 3.115
1822 5.299
1823 4.403
1824 4.654
1825 4.884
1826 4.133
1827 4.843
1828 3.118
1829 5.781
1830 4.591
1831 3.591
1832 5.101
1833 5.17
1834 4.54
1835 3.584
1836 4.488
1837 2.259
1838 3.689
1839 2.332
1840 5.273
1841 5.375
1842 4.124
1843 2.46
1844 3.141
1845 2.384
1846 4.316
1847 4.735
1848 2.884
1849 3.229
1850 2.806
1851 4.661
1852 3.951
1853 4.973
1854 4.699
1855 4.178
1856 3.104
1857 6.528
1858 6.619
1859 8.255
1860 5.627
1861 5.638
1862 4.108
1863 5.872
1864 3.542
1865 3.012
1866 3.482
1867 2.301
1868 2.262
1869 2.151
1870 4.636
1871 3.413
1872 3.201
1873 3.188
1874 3.254
1875 3.594
1876 3.948
1877 4.209
1878 3.889
1879 3.418
1880 5.047
1881 4.079
1882 2.047
1883 4.12
1884 4.448
1885 4.04
1886 3.632
1887 2.261
1888 5.062
1889 3.31
1890 5.888
1891 3.881
1892 4.032
1893 2.659
1894 2.572
1895 3.805
1896 3.623
1897 3.081
1898 2.862
1899 5.47
1900 4.74
1901 4.061
1902 2.214
1903 3.448
1904 3.155
1905 3.669
1906 3.993
1907 3.79
1908 2.767
1909 3.305
1910 4.614
1911 3.581
1912 3.942
1913 4.958
1914 3.716
1915 3.759
1916 2.612
1917 3.154
1918 3.551
1919 5.839
1920 6.248
1921 5.157
1922 7.021
1923 5.457
1924 5.492
1925 7.027
1926 4.961
1927 3.791
1928 4.082
1929 4.501
1930 6.371
1931 3.939
1932 5.306
1933 6.583
1934 6.026
1935 3.024
1936 2.412
1937 5.872
1938 5.68
1939 4.043
1940 3.196
1941 2.307
1942 3.463
1943 4.69
1944 4.968
1945 5.04
1946 4.618
1947 3.728
1948 5.636
1949 5.434
1950 6.778
1951 6.174
1952 5.05
1953 4.11
1954 5.339
1955 4.275
1956 5.386
1957 4.482
1958 3.173
1959 4.087
1960 3.243
1961 4.41
1962 3.301
1963 2.576
1964 3.317
1965 4.347
1966 4.589
1967 3.274
1968 5.756
1969 7.131
1970 5.432
1971 5.475
1972 4.267
1973 5.958
1974 5.623
1975 4.112
1976 3.801
1977 3.833
1978 5.283
1979 4.727
1980 4.259
1981 3.648
1982 5.075
1983 2.84
1984 5.97
1985 4.671
1986 3.906
1987 4.96
1988 8.633
1989 4.961
1990 5.032
1991 5.079
1992 4.829
1993 3.9
1994 6.278
1995 3.753
1996 4.597
1997 3.607
1998 6.933
1999 5.243
2000 4.206
2001 4.457
2002 3.487
2003 4.53
2004 2.913
2005 4.0
2006 2.707
2007 2.742
2008 6.46
2009 3.261
2010 5.26
2011 3.425
2012 3.398
2013 3.485
2014 6.158
2015 7.114
2016 3.179
2017 4.2
2018 4.812
2019 2.554
2020 2.65
2021 3.969
2022 4.083
2023 4.653
2024 3.504
2025 2.24
2026 3.149
2027 2.893
2028 3.985
2029 4.508
2030 4.022
2031 2.784
2032 2.904
2033 4.965
2034 2.816
2035 3.699
2036 3.639
2037 4.378
2038 3.335
2039 3.401
2040 2.205
2041 3.554
2042 2.071
2043 3.819
2044 3.019
2045 4.056
2046 7.32
2047 6.494
2048 4.194
2049 3.996
2050 1.98
2051 6.504
2052 3.558
2053 3.739
2054 1.956
2055 4.315
2056 6.575
2057 6.336
2058 5.443
2059 4.547
2060 4.636
2061 5.647
2062 4.186
2063 4.82
2064 6.778
2065 6.015
2066 4.851
2067 3.368
2068 5.9
2069 4.099
2070 7.706
2071 5.325
2072 6.112
2073 3.834
2074 8.417
2075 5.855
2076 4.543
2077 6.553
2078 4.63
2079 6.804
2080 6.235
2081 5.873
2082 5.909
2083 5.553
2084 7.26
2085 5.281
2086 4.575
2087 4.795
2088 5.463
2089 4.667
2090 5.502
2091 3.925
2092 4.534
2093 5.372
2094 5.531
2095 6.613
2096 5.59
2097 6.559
2098 4.691
2099 5.638
2100 5.962
2101 4.787
2102 4.384
2103 4.003
2104 3.377
2105 4.938
2106 4.799
2107 6.599
2108 4.596
2109 5.786
2110 5.44
2111 5.895
2112 5.395
2113 4.861
2114 7.058
2115 6.537
2116 6.935
2117 5.54
2118 5.302
2119 6.344
2120 5.317
2121 6.072
2122 5.312
2123 3.951
2124 4.244
2125 3.575
2126 4.407
2127 5.838
2128 5.184
2129 3.608
2130 5.285
2131 4.238
2132 7.685
2133 4.402
2134 6.857
2135 4.481
2136 5.809
2137 6.017
2138 3.178
2139 4.58
2140 4.127
2141 4.586
2142 4.952
2143 3.053
2144 3.377
2145 3.16
2146 4.981
2147 5.424
2148 5.524
2149 3.87
2150 5.994
2151 4.451
2152 4.38
2153 4.162
2154 5.033
2155 5.64
2156 3.69
2157 5.092
2158 3.107
2159 4.608
2160 4.381
2161 5.595
2162 5.791
2163 4.776
2164 6.935
2165 5.333
2166 3.602
2167 5.361
2168 5.232
2169 6.626
2170 7.042
2171 5.05
2172 7.41
2173 6.132
2174 6.283
2175 4.707
2176 5.241
2177 4.243
2178 3.23
2179 4.166
2180 3.207
2181 3.799
2182 6.025
2183 5.508
2184 3.631
2185 4.129
2186 3.961
2187 3.715
2188 3.949
2189 3.181
2190 3.968
2191 5.24
2192 5.055
2193 6.56
2194 3.575
2195 4.691
2196 6.953
2197 4.87
2198 3.795
2199 4.933
