# Paley(27) (n=27, PARTIAL): margin-1, k=5, per-base-state search seconds
0 2.44
1 3.867
2 3.918
3 4.382
4 2.999
5 3.338
6 3.712
7 4.239
8 4.306
9 5.552
10 4.415
11 5.409
12 7.15
13 2.75
14 4.495
15 4.806
16 3.676
17 5.351
18 5.902
19 3.304
20 5.265
21 4.643
22 4.252
23 3.409
24 2.869
25 3.108
26 3.074
27 3.628
28 5.058
29 4.417
30 6.135
31 5.28
32 5.866
33 4.216
34 4.575
35 3.08
36 3.951
37 3.632
38 3.76
39 1.821
40 2.717
41 4.194
42 3.311
43 3.607
44 4.264
45 3.662
46 2.984
47 2.473
48 2.733
49 2.295
50 4.177
51 2.805
52 3.971
53 4.867
54 3.528
55 3.41
56 3.24
57 3.989
58 4.571
59 2.419
60 3.079
61 5.642
62 3.928
63 3.652
64 5.109
65 3.246
66 3.261
67 1.081
68 3.009
69 2.838
70 2.237
71 2.488
72 3.629
73 2.94
74 4.575
75 3.828
76 4.37
77 3.551
78 4.47
79 2.782
80 3.029
81 4.861
82 6.209
83 7.509
84 4.105
85 4.864
86 6.493
87 7.776
88 6.023
89 4.492
90 3.853
91 6.505
92 2.951
93 4.18
94 3.55
95 3.665
96 3.01
97 4.763
98 3.972
99 4.297
100 5.103
101 2.336
102 5.423
103 3.693
104 2.808
105 2.715
106 2.564
107 3.896
108 5.352
109 3.427
110 3.499
111 3.305
112 1.632
113 3.356
114 1.847
115 2.707
116 4.528
117 2.967
118 3.407
119 4.71
120 5.354
121 3.478
122 4.994
123 3.601
124 3.883
125 3.558
126 4.437
127 2.728
128 3.433
129 3.516
130 5.037
131 2.396
132 3.467
133 2.857
134 4.513
135 4.582
136 2.759
137 4.311
138 2.866
139 4.545
140 3.281
141 3.27
142 3.602
143 2.275
144 3.87
145 5.211
146 5.634
147 5.823
148 4.023
149 4.791
150 3.325
151 4.546
152 3.169
153 3.834
154 4.593
155 5.169
156 3.962
157 4.378
158 4.468
159 4.556
160 3.305
161 3.01
162 3.156
163 4.07
164 3.959
165 2.748
166 3.228
167 2.869
168 4.297
169 3.699
170 3.168
171 3.756
172 3.623
173 1.76
174 3.728
175 3.524
176 2.705
177 3.838
178 3.496
179 3.34
180 3.875
181 3.281
182 5.022
183 2.887
184 3.087
185 2.782
186 4.336
187 4.266
188 3.735
189 3.989
190 2.403
191 3.115
192 2.31
193 3.798
194 4.516
195 5.151
196 5.296
197 2.599
198 2.576
199 3.112
200 3.556
201 3.093
202 3.291
203 3.059
204 4.03
205 3.696
206 2.801
207 3.754
208 4.865
209 4.231
210 4.717
211 5.446
212 5.699
213 5.388
214 5.255
215 5.638
216 3.221
217 4.252
218 3.44
219 3.826
220 4.176
221 3.557
222 3.77
223 2.736
224 4.668
225 3.218
226 4.354
227 4.213
228 4.669
229 4.629
230 4.637
231 6.309
232 4.89
233 4.602
234 4.893
235 3.734
236 1.938
237 4.061
238 3.375
239 2.629
240 3.294
241 3.571
242 3.269
243 3.387
244 2.195
245 3.556
246 2.932
247 3.123
248 2.386
249 1.913
250 2.723
251 2.392
252 2.59
253 1.811
254 2.044
255 3.924
256 3.813
257 3.207
258 4.081
259 3.332
260 3.936
261 2.87
262 5.917
263 6.954
264 3.78
265 4.642
266 5.531
267 3.954
268 3.264
269 2.903
270 2.725
271 2.603
272 4.331
273 2.87
274 3.469
275 4.959
276 2.478
277 2.473
278 3.686
279 2.583
280 2.673
281 5.164
282 2.247
283 3.0
284 3.981
285 5.127
286 2.99
287 2.632
288 2.341
289 4.411
290 1.276
291 2.359
292 3.185
293 3.928
294 2.323
295 3.347
296 2.161
297 3.063
298 5.554
299 2.325
300 1.998
301 4.871
302 4.389
303 2.341
304 4.243
305 2.832
306 2.689
307 3.31
308 3.729
309 3.654
310 3.319
311 2.612
312 2.238
313 2.093
314 4.53
315 5.905
316 5.436
317 3.497
318 1.871
319 3.15
320 3.191
321 4.914
322 2.908
323 2.29
324 4.487
325 3.094
326 2.474
327 3.994
328 2.506
329 3.594
330 1.089
331 2.952
332 3.027
333 2.111
334 2.235
335 2.26
336 2.458
337 3.876
338 2.516
339 3.691
340 2.881
341 3.335
342 3.831
343 4.199
344 3.25
345 4.323
346 3.566
347 4.365
348 4.554
349 2.766
350 3.437
351 3.277
352 2.813
353 3.857
354 2.275
355 2.571
356 3.835
357 2.728
358 3.495
359 4.81
360 5.908
361 4.577
362 4.741
363 6.162
364 3.935
365 5.934
366 5.63
367 4.2
368 3.463
369 2.751
370 3.078
371 3.594
372 5.397
373 3.947
374 3.778
375 4.17
376 3.956
377 2.303
378 3.748
379 3.219
380 3.112
381 2.686
382 5.322
383 5.362
384 3.138
385 3.116
386 3.199
387 4.065
388 3.974
389 3.945
390 4.999
391 3.993
392 2.574
393 3.69
394 3.715
395 4.157
396 4.187
397 3.068
398 2.909
399 3.779
400 6.645
401 6.598
402 4.508
403 5.676
404 6.751
405 3.328
406 6.633
407 4.214
408 3.841
409 4.389
410 2.569
411 3.817
412 4.804
413 3.16
414 2.878
415 3.609
416 2.34
417 6.567
418 4.293
419 4.239
420 3.745
421 2.436
422 3.812
423 2.116
424 2.014
425 2.701
426 3.809
427 4.107
428 2.272
429 1.935
430 2.247
431 2.035
432 2.762
433 2.51
434 2.337
435 3.822
436 3.876
437 3.286
438 3.682
439 3.961
440 3.092
441 2.065
442 2.681
443 2.329
444 1.952
445 5.729
446 2.573
447 2.587
448 1.09
449 2.775
450 2.431
451 2.748
452 1.797
453 3.629
454 1.868
455 2.025
456 2.892
457 3.459
458 3.441
459 5.23
460 2.507
461 2.245
462 1.84
463 2.437
464 3.621
465 3.429
466 3.102
467 3.571
468 2.426
469 3.803
470 4.442
471 3.667
472 3.109
473 3.01
474 3.181
475 5.176
476 3.02
477 3.229
478 7.186
479 4.867
480 3.405
481 3.198
482 2.884
483 3.577
484 2.655
485 4.459
486 4.549
487 3.149
488 4.918
489 4.204
490 4.172
491 6.121
492 4.745
493 3.839
494 3.336
495 2.946
496 2.8
497 4.144
498 3.956
499 4.085
500 4.41
501 2.559
502 3.137
503 3.686
504 2.429
505 3.744
506 3.623
507 4.643
508 4.047
509 5.909
510 3.05
511 5.956
512 4.036
513 3.599
514 3.821
515 2.015
516 3.724
517 4.795
518 6.882
519 2.836
520 4.496
521 2.716
522 4.78
523 3.732
524 2.849
525 3.841
526 1.897
527 3.667
528 3.736
529 3.34
530 3.803
531 2.405
532 4.458
533 5.676
534 9.034
535 6.286
536 3.571
537 4.948
538 3.983
539 2.711
540 2.672
541 2.632
542 2.967
543 4.947
544 6.444
545 3.844
546 4.841
547 4.177
548 5.064
549 2.615
550 3.626
551 3.326
552 3.469
553 2.522
554 2.414
555 3.078
556 5.059
557 2.008
558 2.203
559 2.623
560 1.776
561 2.587
562 1.837
563 3.918
564 3.336
565 3.507
566 5.404
567 6.527
568 3.609
569 4.358
570 6.42
571 4.673
572 4.378
573 2.818
574 2.86
575 4.381
576 3.429
577 3.538
578 2.338
579 3.146
580 2.846
581 1.991
582 2.688
583 3.418
584 2.968
585 4.277
586 2.467
587 3.226
588 3.687
589 3.386
590 4.818
591 4.059
592 2.039
593 3.051
594 2.052
595 3.815
596 1.784
597 2.692
598 1.453
599 2.078
600 3.276
601 2.636
602 4.41
603 1.921
604 2.017
605 4.6
606 3.185
607 4.433
608 4.333
609 4.773
610 5.688
611 3.852
612 3.582
613 4.472
614 4.505
615 3.322
616 4.038
617 3.58
618 2.338
619 2.299
620 2.845
621 4.2
622 2.106
623 3.729
624 1.609
625 4.588
626 3.773
627 2.944
628 4.298
629 3.812
630 4.874
631 3.602
632 2.636
633 3.517
634 2.345
635 2.968
636 3.706
637 2.211
638 2.796
639 2.313
640 3.251
641 5.569
642 5.682
643 4.576
644 6.279
645 4.586
646 4.034
647 4.1
648 2.391
649 2.6
650 4.264
651 3.314
652 5.601
653 3.201
654 4.053
655 4.059
656 2.534
657 3.352
658 3.815
659 3.293
660 2.356
661 4.908
662 3.238
663 5.748
664 3.827
665 6.402
666 3.666
667 4.345
668 4.009
669 3.288
670 5.877
671 3.305
672 3.831
673 1.825
674 3.887
675 3.696
676 5.714
677 4.526
678 2.652
679 1.953
680 3.948
681 3.269
682 2.209
683 1.731
684 3.013
685 1.995
686 4.807
687 4.132
688 2.415
689 1.083
690 3.839
691 3.029
693 2.16
694 2.926
