# Paley(27) arc-reversed (n=27): margin-1, k=5, per-base-state search seconds
0 5.046
1 4.774
2 3.528
3 3.636
4 3.633
5 4.63
6 4.212
7 4.808
8 4.044
9 2.903
10 3.179
11 3.103
12 5.447
13 4.833
14 5.831
15 4.051
16 4.573
17 10.517
18 7.306
19 7.764
20 5.615
21 5.006
22 6.011
23 6.387
24 4.501
25 4.706
26 3.48
27 3.552
28 3.395
29 4.707
30 2.946
31 4.927
32 4.433
33 5.405
34 4.251
35 5.464
36 5.816
37 8.748
38 4.411
39 3.667
40 4.062
41 3.669
42 3.984
43 5.411
44 6.191
45 3.937
46 4.777
47 3.791
48 3.876
49 3.827
50 5.226
51 4.245
52 3.268
53 3.088
54 3.958
55 8.49
56 4.08
57 7.231
58 7.306
59 3.202
60 4.223
61 2.696
62 5.564
63 4.988
64 4.862
65 3.259
66 1.91
67 4.259
68 3.884
69 3.982
70 3.184
71 5.689
72 4.045
73 2.919
74 6.055
75 5.51
76 2.973
77 3.692
78 5.886
79 2.723
80 4.433
81 3.391
82 2.775
83 5.336
84 3.177
85 3.659
86 4.634
87 2.793
88 4.15
89 3.655
90 3.866
91 2.137
92 2.456
93 4.136
94 3.161
95 2.584
96 3.547
97 3.962
98 4.037
99 5.046
100 3.004
101 2.991
102 4.148
103 3.229
104 2.932
105 4.923
106 4.108
107 3.281
108 4.36
109 3.284
110 2.903
111 3.768
112 4.506
113 3.571
114 3.269
115 3.654
116 3.993
117 7.868
118 6.677
119 8.744
120 7.517
121 4.614
122 6.382
123 3.897
124 5.552
125 5.681
126 6.604
127 6.827
128 8.383
129 4.943
130 4.203
131 4.96
132 6.711
133 6.153
134 6.681
135 4.061
136 5.39
137 6.461
138 3.24
139 3.75
140 4.763
141 6.775
142 4.008
143 4.569
144 3.607
145 4.043
146 4.994
147 4.748
148 6.713
149 5.727
150 3.03
151 5.223
152 6.117
153 5.162
154 3.838
155 2.866
156 3.418
157 4.018
158 3.68
159 3.338
160 3.507
161 2.869
162 5.542
163 5.809
164 4.43
165 5.18
166 4.956
167 4.54
168 5.314
169 5.872
170 5.208
171 3.95
172 3.315
173 4.758
174 4.229
175 4.451
176 4.239
177 4.194
178 3.357
179 4.438
180 4.949
181 3.7
182 2.944
183 3.073
184 3.142
185 5.028
186 4.907
187 3.287
188 4.194
189 3.034
190 2.125
191 3.677
192 3.93
193 3.669
194 3.141
195 3.03
196 4.114
197 2.311
198 4.673
199 4.122
200 2.971
201 2.378
202 5.492
203 3.585
204 2.636
205 2.653
206 3.295
207 4.976
208 5.199
209 4.49
210 4.82
211 4.225
212 2.695
213 4.135
214 2.851
215 2.703
216 3.482
217 3.944
218 2.641
219 3.7
220 3.715
221 3.218
222 2.231
223 2.606
224 2.982
225 4.676
226 3.808
227 2.296
228 3.098
229 2.718
230 2.856
231 2.557
232 2.733
233 2.993
234 4.795
235 2.63
236 3.095
237 4.509
238 4.617
239 3.636
240 4.37
241 5.007
242 7.774
243 5.06
244 5.81
245 6.576
246 4.711
247 3.134
248 2.743
249 3.493
250 5.89
251 6.952
252 4.687
253 2.898
254 4.662
255 3.764
256 4.336
257 1.879
258 3.142
259 2.997
260 3.919
261 2.706
262 3.257
263 7.177
264 3.675
265 3.583
266 3.996
267 5.723
268 2.974
269 3.592
270 2.074
271 3.644
272 2.992
273 2.417
274 3.914
275 4.018
276 4.955
277 5.641
278 5.618
279 6.901
280 4.239
281 5.847
282 3.162
283 2.608
284 3.906
285 6.245
286 4.316
287 4.049
288 2.729
289 3.39
290 2.701
291 3.501
292 2.759
293 1.963
294 2.514
295 3.435
296 2.939
297 2.782
298 2.392
299 2.384
300 2.742
301 3.338
302 3.011
303 4.969
304 4.511
305 5.835
306 3.335
307 4.358
308 4.713
309 5.358
310 6.959
311 5.2
312 3.459
313 3.67
314 5.518
315 3.977
316 6.235
317 6.016
318 5.468
319 4.389
320 5.359
321 6.55
322 7.356
323 8.243
324 8.077
325 3.997
326 7.215
327 4.246
328 4.704
329 4.704
330 2.803
331 3.589
332 6.359
333 4.612
334 2.883
335 2.638
336 4.925
337 3.303
338 5.135
339 4.593
340 4.537
341 3.949
342 7.088
343 3.893
344 4.959
345 5.229
346 5.167
347 3.522
348 3.846
349 3.877
350 5.38
351 4.274
352 5.348
353 5.48
354 4.007
355 5.752
356 4.308
357 2.66
358 4.415
359 4.008
360 5.327
361 2.66
362 3.641
363 3.291
364 4.196
365 2.235
366 2.708
367 2.409
368 4.517
369 2.973
370 3.482
371 4.207
372 5.578
373 4.209
374 5.63
375 6.895
376 7.043
377 5.401
378 4.214
379 4.145
380 6.384
381 3.948
382 5.713
383 7.689
384 4.538
385 4.248
386 3.545
387 8.214
388 3.258
389 6.184
390 8.707
391 5.715
392 4.967
393 5.917
394 2.924
395 4.391
396 2.964
397 2.592
398 2.713
399 4.073
400 2.172
401 3.419
402 3.715
403 5.482
404 6.154
405 4.022
406 4.05
407 4.445
408 5.765
409 5.303
410 3.65
411 5.964
412 5.979
413 3.747
414 4.94
415 4.365
416 3.982
417 5.362
418 5.869
419 6.251
420 3.811
421 4.784
422 4.067
423 3.032
424 4.279
425 4.845
426 3.511
427 6.063
428 5.571
429 2.979
430 4.809
431 3.797
432 4.964
433 3.989
434 2.588
435 2.735
436 3.466
437 5.688
438 5.881
439 4.377
440 3.187
441 4.431
442 4.013
443 5.27
444 6.89
445 5.292
446 3.768
447 5.073
448 3.901
449 3.8
450 3.251
451 3.53
452 3.15
453 4.272
454 5.016
455 8.3
456 5.776
457 7.334
458 7.881
459 4.013
460 6.759
461 3.775
462 5.937
463 6.924
464 2.226
465 4.146
466 5.754
467 7.183
468 7.272
469 8.812
470 5.854
471 4.564
472 2.648
473 4.93
474 5.268
475 6.372
476 4.663
477 5.893
478 6.123
479 4.233
480 6.921
481 5.749
482 4.113
483 5.158
484 4.302
485 3.908
486 4.272
487 2.414
488 3.869
489 5.107
490 3.381
491 3.774
492 4.572
493 6.689
494 5.426
495 4.257
496 5.896
497 4.909
498 5.764
499 3.419
500 7.546
501 3.464
502 4.316
503 4.267
504 6.121
505 4.341
506 4.406
507 5.714
508 6.054
509 6.002
510 6.824
511 5.198
512 4.838
513 4.988
514 5.103
515 5.573
516 4.153
517 3.95
518 7.348
519 5.373
520 3.899
521 6.921
522 4.047
523 4.748
524 3.273
525 3.548
526 5.216
527 4.246
528 2.901
529 4.713
530 6.035
531 6.912
532 4.815
533 4.705
534 4.767
535 5.511
536 3.98
537 5.304
538 5.039
539 4.062
540 3.218
541 4.022
542 4.003
543 3.342
544 2.838
545 3.96
546 4.092
547 3.689
548 5.496
549 3.595
550 5.393
551 4.685
552 4.516
553 4.537
554 3.866
555 2.624
556 3.657
557 4.386
558 3.431
559 3.281
560 3.573
561 4.692
562 4.183
563 4.568
564 4.559
565 4.58
566 3.983
567 4.796
568 4.191
569 4.335
570 3.228
571 3.77
572 4.62
573 3.917
574 3.287
575 4.477
576 3.73
577 3.285
578 4.172
579 3.394
580 3.099
581 4.018
582 3.252
583 2.27
584 4.189
585 4.546
586 2.441
587 5.179
588 6.446
589 3.471
590 4.527
591 3.969
592 4.435
593 6.34
594 6.482
595 5.563
596 5.704
597 3.731
598 3.699
599 4.235
600 4.403
601 4.003
602 4.266
603 5.526
604 4.929
605 6.268
606 5.746
607 4.732
608 5.233
609 5.383
610 3.817
611 4.736
612 4.172
613 3.652
614 4.647
615 3.792
616 3.291
617 2.679
618 3.182
619 5.572
620 3.59
621 4.06
622 6.387
623 5.66
624 5.138
625 3.802
626 4.722
627 5.302
628 3.766
629 6.966
630 3.765
631 2.508
632 5.252
633 4.587
634 5.009
635 3.937
636 2.297
637 4.968
638 4.973
639 4.833
640 4.386
641 3.872
642 5.506
643 6.232
644 2.532
645 2.375
646 3.408
647 1.958
648 3.581
649 2.871
650 2.653
651 2.61
652 1.833
653 4.738
654 3.877
655 2.752
656 3.604
657 3.439
658 4.511
659 2.454
660 3.867
661 2.955
662 2.983
663 3.249
664 2.235
665 3.147
666 2.999
667 3.546
668 1.291
669 8.238
670 4.849
671 5.183
672 4.2
673 4.183
674 4.236
675 6.64
676 4.952
677 6.639
678 7.204
679 6.399
680 4.568
681 4.155
682 4.287
683 4.202
684 3.75
685 3.876
686 4.163
687 5.785
688 5.401
689 7.296
690 7.678
691 7.735
692 6.766
693 4.559
694 5.217
695 3.912
696 4.088
697 5.214
698 5.029
699 4.475
700 7.378
701 4.231
702 3.958
703 3.815
704 4.282
705 4.975
706 4.614
707 4.513
708 5.882
709 3.976
710 4.139
711 3.251
712 3.982
713 3.041
714 3.593
715 6.113
716 3.868
717 4.925
718 4.852
719 4.803
720 3.957
721 3.589
722 4.251
723 5.604
724 3.373
725 3.056
726 5.289
727 4.441
728 5.527
729 7.337
730 6.559
731 8.247
732 8.161
733 5.815
734 5.209
735 5.241
736 4.787
737 5.475
738 5.017
739 6.591
740 4.101
741 7.428
742 4.853
743 4.625
744 3.928
745 4.86
746 5.928
747 5.52
748 5.869
749 10.541
750 6.602
751 6.532
752 8.011
753 7.833
754 7.395
755 4.2
756 4.267
757 7.306
758 7.864
759 4.176
760 5.099
761 4.5
762 3.226
763 5.722
764 3.912
765 4.859
766 4.311
767 5.006
768 4.375
769 4.489
770 6.361
771 5.182
772 6.054
773 3.951
774 4.185
775 6.736
776 4.832
777 2.834
778 4.529
779 3.762
780 4.914
781 4.646
782 4.878
783 3.915
784 2.915
785 4.049
786 3.51
787 4.663
788 5.225
789 5.499
790 5.88
791 5.923
792 4.763
793 5.008
794 4.163
795 5.782
796 4.476
797 6.358
798 3.954
799 4.171
800 4.042
801 4.425
802 5.642
803 6.842
804 4.255
805 3.964
806 4.15
807 3.885
808 3.707
809 3.737
810 4.881
811 5.2
812 5.444
813 4.299
814 5.151
815 4.009
816 4.035
817 3.716
818 3.728
819 4.769
820 4.271
821 5.225
822 6.539
823 4.873
824 3.748
825 4.891
826 3.713
827 6.555
828 7.976
829 5.277
830 4.543
831 7.752
832 7.218
833 5.058
834 6.504
835 5.118
836 4.664
837 5.35
838 4.867
839 6.856
840 7.3
841 6.558
842 5.44
843 4.521
844 5.722
845 6.248
846 5.264
847 6.405
848 5.03
849 3.826
850 7.346
851 4.963
852 5.265
853 4.29
854 3.774
855 2.995
856 5.49
857 4.56
858 4.648
859 5.618
860 5.002
861 3.592
862 3.575
863 3.896
864 4.501
865 6.154
866 3.42
867 4.238
868 3.073
869 4.818
870 4.814
871 7.362
872 6.257
873 6.857
874 6.375
875 5.772
876 4.459
877 6.83
878 6.036
879 5.045
880 4.3
881 4.621
882 6.506
883 3.503
884 3.95
885 5.729
886 5.507
887 4.375
888 3.479
889 3.833
890 2.092
891 3.267
892 7.61
893 4.013
894 4.815
895 5.783
896 4.33
897 5.252
898 4.391
899 4.357
900 5.18
901 4.726
902 3.378
903 4.671
904 4.716
905 4.759
906 4.908
907 4.54
908 3.823
909 4.073
910 3.952
911 4.514
912 5.193
913 6.199
914 4.954
915 3.743
916 3.934
917 4.814
918 5.807
919 4.625
920 6.494
921 4.054
922 6.757
923 4.586
924 5.273
925 7.958
926 4.22
927 5.493
928 4.776
929 5.504
930 3.912
931 5.229
932 5.779
933 5.906
934 4.827
935 3.92
936 3.87
937 6.075
938 7.11
939 5.044
940 3.429
941 2.569
942 4.147
943 5.022
944 1.98
945 3.593
946 3.63
947 4.604
948 3.157
949 5.513
950 4.523
951 3.918
952 3.926
953 4.786
954 4.802
955 1.957
956 2.722
957 4.653
958 4.133
959 3.72
960 3.935
961 4.824
962 4.113
963 2.987
964 3.591
965 4.792
966 4.112
967 2.412
968 3.893
969 4.045
970 2.96
971 3.963
972 4.587
973 3.549
974 4.192
975 2.861
976 3.41
977 4.031
978 7.092
979 6.214
980 4.874
981 3.854
982 2.974
983 2.343
984 3.263
985 3.08
986 1.284
987 3.125
988 4.021
989 4.065
990 4.334
991 2.575
992 6.149
993 5.068
994 2.548
995 6.716
996 3.861
997 2.843
998 3.658
999 4.759
1000 2.673
1001 2.669
1002 3.934
1003 2.682
1004 2.987
1005 3.82
1006 5.068
1007 3.073
1008 3.04
1009 3.722
1010 4.712
1011 2.554
1012 3.655
1013 3.913
1014 4.141
1015 3.808
1016 4.189
1017 3.311
1018 4.865
1019 2.138
1020 3.711
1021 3.479
1022 2.338
1023 2.86
1024 3.006
1025 2.297
1026 2.62
1027 3.875
1028 3.133
1029 3.85
1030 4.854
1031 2.517
1032 5.611
1033 2.595
1034 2.331
1035 3.636
1036 3.155
1037 3.118
1038 4.122
1039 2.686
1040 5.549
1041 5.443
1042 6.229
1043 5.328
1044 4.719
1045 3.975
1046 4.91
1047 6.391
1048 5.676
1049 5.7
1050 4.072
1051 4.864
1052 3.896
1053 4.11
1054 4.515
1055 3.86
1056 5.825
1057 3.347
1058 3.787
1059 3.124
1060 3.147
1061 5.376
1062 3.686
1063 3.409
1064 4.45
1065 4.891
1066 3.746
1067 4.392
1068 4.409
1069 3.569
1070 3.669
1071 3.545
1072 4.08
1073 3.115
1074 4.435
1075 3.754
1076 4.477
1077 3.16
1078 3.983
1079 2.948
1080 3.383
1081 2.675
1082 2.656
1083 3.374
1084 3.081
1085 3.428
1086 4.703
1087 3.913
1088 3.454
1089 4.817
1090 4.036
1091 3.332
1092 4.324
1093 3.922
1094 7.453
1095 3.679
1096 3.86
1097 2.55
1098 4.002
1099 2.93
1100 3.894
1101 3.145
1102 3.042
1103 3.09
1104 4.0
1105 4.225
1106 3.691
1107 3.04
1108 3.526
1109 4.398
1110 4.227
1111 4.298
1112 5.185
1113 5.827
1114 3.881
1115 4.106
1116 3.081
1117 3.147
1118 2.622
1119 2.635
1120 3.073
1121 3.931
1122 3.46
1123 5.037
1124 2.931
1125 5.172
1126 4.361
1127 3.761
1128 3.269
1129 3.547
1130 2.96
1131 5.226
1132 2.566
1133 4.209
1134 3.691
1135 4.659
1136 4.21
1137 3.966
1138 3.125
1139 2.566
1140 2.796
1141 3.628
1142 3.743
1143 2.614
1144 2.193
1145 2.812
1146 3.397
1147 3.509
1148 2.942
1149 3.029
1150 3.308
1151 2.71
1152 2.505
1153 3.47
1154 3.615
1155 3.332
1156 3.144
1157 4.209
1158 3.59
1159 4.1
1160 3.868
1161 4.045
1162 3.813
1163 4.677
1164 3.828
1165 3.66
1166 2.596
1167 3.921
1168 4.111
1169 2.512
1170 3.144
1171 2.982
1172 4.101
1173 2.735
1174 2.613
1175 2.536
1176 4.603
1177 3.56
1178 2.479
1179 3.152
1180 5.593
1181 5.192
1182 4.966
1183 4.612
1184 3.745
1185 3.451
1186 4.315
1187 3.787
1188 3.649
1189 4.976
1190 4.271
1191 4.288
1192 3.901
1193 2.476
1194 4.548
1195 2.849
1196 3.153
1197 3.827
1198 4.446
1199 4.433
1200 5.015
1201 3.446
1202 3.02
1203 4.942
1204 4.133
1205 3.302
1206 2.89
1207 3.59
1208 3.487
1209 3.796
1210 3.541
1211 2.563
1212 2.834
1213 3.257
1214 2.422
1215 2.345
1216 2.683
1217 4.541
1218 4.341
1219 3.764
1220 3.904
1221 2.585
1222 6.151
1223 3.892
1224 3.037
1225 4.068
1226 2.803
1227 4.047
1228 3.917
1229 3.551
1230 2.243
1231 3.662
1232 3.411
1233 2.975
1234 2.957
1235 3.296
1236 2.473
1237 2.844
1238 3.155
1239 3.455
1240 3.762
1241 4.795
1242 5.411
1243 3.467
1244 4.461
1245 2.651
1246 3.91
1247 5.0
1248 2.668
1249 4.075
1250 3.425
1251 2.199
1252 3.973
1253 6.964
1254 4.828
1255 3.228
1256 5.022
1257 3.796
1258 3.889
1259 2.861
1260 5.95
1261 3.63
1262 2.102
1263 3.556
1264 3.219
1265 1.822
1266 3.29
1267 3.11
1268 4.495
1269 4.531
1270 3.018
1271 4.19
1272 4.402
1273 5.344
1274 3.859
1275 5.043
1276 4.816
1277 5.364
1278 3.724
1279 3.732
1280 3.24
1281 2.84
1282 3.642
1283 4.556
1284 4.47
1285 4.022
1286 4.394
1287 2.955
1288 4.628
1289 3.656
1290 3.116
1291 4.494
1292 4.372
1293 4.693
1294 3.981
1295 4.129
1296 8.032
1297 4.919
1298 4.748
1299 4.238
1300 4.177
1301 6.639
1302 5.811
1303 6.935
1304 4.308
1305 3.57
1306 2.663
1307 4.175
1308 5.568
1309 4.623
1310 4.668
1311 3.113
1312 4.953
1313 4.934
1314 3.546
1315 3.502
1316 4.055
1317 5.668
1318 5.792
1319 4.057
1320 3.259
1321 3.35
1322 2.961
1323 4.149
1324 4.185
1325 3.773
1326 3.88
1327 5.177
1328 2.89
1329 4.749
1330 4.021
1331 2.773
1332 4.832
1333 4.901
1334 3.672
1335 3.137
1336 2.737
1337 3.007
1338 1.853
1339 2.572
1340 3.045
1341 5.278
1342 4.097
1343 2.571
1344 4.154
1345 4.764
1346 3.584
1347 4.08
1348 3.377
1349 4.563
1350 4.179
1351 4.425
1352 3.18
1353 3.8
1354 4.62
1355 4.867
1356 5.218
1357 5.786
1358 3.154
1359 5.48
1360 3.207
1361 3.964
1362 4.2
1363 4.133
1364 3.886
1365 2.754
1366 5.222
1367 3.848
1368 4.053
1369 6.278
1370 5.484
1371 5.645
1372 3.362
1373 2.781
1374 2.393
1375 3.54
1376 2.943
1377 1.832
1378 3.088
1379 2.76
1380 4.004
1381 3.739
1382 4.126
1383 3.852
1384 3.786
1385 3.301
1386 4.803
1387 5.307
1388 2.499
1389 3.749
1390 5.207
1391 4.519
1392 4.452
1393 3.59
1394 4.18
1395 4.98
1396 4.893
1397 2.669
1398 4.86
1399 3.712
1400 3.204
1401 3.13
1402 4.098
1403 4.763
1404 5.532
1405 3.551
1406 6.225
1407 6.555
1408 3.195
1409 4.853
1410 4.629
1411 2.357
1412 4.121
1413 3.077
1414 2.547
1415 2.916
1416 3.116
1417 2.905
1418 2.996
1419 2.395
1420 6.104
1421 3.252
1422 4.682
1423 3.757
1424 4.031
1425 3.981
1426 3.645
1427 3.259
1428 4.294
1429 2.352
1430 1.739
1431 3.659
1432 3.245
1433 3.147
1434 7.336
1435 3.945
1436 4.554
1437 4.569
1438 2.919
1439 3.086
1440 3.95
1441 3.207
1442 4.174
1443 6.278
1444 2.943
1445 4.113
1446 5.543
1447 3.856
1448 2.417
1449 2.866
1450 3.897
1451 3.701
1452 4.785
1453 2.596
1454 3.04
1455 3.817
1456 4.705
1457 3.441
1458 3.289
1459 3.391
1460 2.933
1461 4.076
1462 2.918
1463 4.524
1464 3.265
1465 4.69
1466 3.033
1467 3.121
1468 4.525
1469 4.323
1470 2.589
1471 3.711
1472 3.321
1473 5.4
1474 4.508
1475 3.294
1476 3.048
1477 4.541
1478 3.082
1479 3.441
1480 3.029
1481 3.169
1482 4.258
1483 4.039
1484 3.993
1485 4.998
1486 4.073
1487 2.597
1488 2.43
1489 3.475
1490 2.575
1491 2.036
1492 3.062
1493 3.501
1494 2.718
1495 3.335
1496 3.126
1497 2.815
1498 2.796
1499 3.165
1500 5.512
1501 3.015
1502 4.803
1503 5.968
1504 3.203
1505 2.623
1506 2.845
1507 3.142
1508 2.58
1509 3.686
1510 3.538
1511 2.732
1512 2.824
1513 3.522
1514 3.864
1515 2.238
1516 2.524
1517 3.052
1518 3.495
1519 2.73
1520 3.537
1521 2.474
1522 2.489
1523 3.174
1524 3.162
1525 1.929
1526 1.966
1527 3.24
1528 2.897
1529 3.213
1530 3.302
1531 2.643
1532 3.078
1533 3.179
1534 4.263
1535 3.565
1536 4.584
1537 3.119
1538 4.062
1539 3.775
1540 4.176
1541 4.954
1542 3.86
1543 5.609
1544 6.097
1545 5.702
1546 4.689
1547 3.781
1548 2.701
1549 3.236
1550 2.935
1551 2.939
1552 1.156
1553 3.364
1554 2.571
1555 3.635
1556 3.024
1557 2.165
1558 3.45
1559 2.541
1560 4.028
1561 4.011
1562 2.625
1563 2.706
1564 2.764
1565 2.465
1566 2.997
1567 2.616
1568 3.173
1569 3.245
1570 2.466
1571 2.719
1572 3.55
1573 2.64
1574 5.613
1575 3.372
1576 2.759
1577 6.139
1578 2.958
1579 4.746
1580 3.643
1581 2.912
1582 3.098
1583 3.052
1584 4.975
1585 4.514
1586 3.102
1587 5.206
1588 2.936
1589 4.845
1590 3.209
1591 3.712
1592 3.247
1593 2.839
1594 2.303
1595 2.618
1596 2.873
1597 1.285
1598 2.463
1599 2.299
1600 6.539
1601 4.629
1602 4.564
1603 3.284
1604 2.67
1605 5.268
1606 4.307
1607 6.951
1608 3.77
1609 7.211
1610 2.976
1611 3.41
1612 5.721
1613 2.693
1614 5.588
1615 4.264
1616 3.304
1617 4.541
1618 4.054
1619 2.739
1620 3.054
1621 4.026
1622 3.604
1623 5.048
1624 4.264
1625 5.243
1626 5.021
1627 4.619
1628 4.056
1629 4.101
1630 4.733
1631 3.792
1632 3.954
1633 8.619
1634 5.818
1635 6.606
1636 4.119
1637 5.694
1638 7.185
1639 4.482
1640 5.218
1641 7.197
1642 5.779
1643 5.309
1644 5.152
1645 8.412
1646 4.006
1647 3.541
1648 3.993
1649 4.771
1650 3.87
1651 3.916
1652 5.303
1653 2.766
1654 2.729
1655 2.676
1656 2.98
1657 3.14
1658 5.28
1659 3.886
1660 5.556
1661 5.091
1662 3.896
1663 6.818
1664 3.983
1665 3.084
1666 4.177
1667 3.212
1668 5.548
1669 8.227
1670 4.35
1671 4.534
1672 2.725
1673 3.539
1674 3.619
1675 2.328
1676 2.807
1677 2.566
1678 3.412
1679 3.391
1680 2.215
1681 3.741
1682 3.256
1683 6.224
1684 4.782
1685 3.743
1686 5.9
1687 6.22
1688 7.172
1689 4.075
1690 4.901
1691 3.33
1692 3.638
1693 5.388
1694 3.794
1695 3.083
1696 4.286
1697 4.333
1698 4.633
1699 3.51
1700 4.712
1701 2.877
1702 4.663
1703 3.527
1704 3.63
1705 3.895
1706 6.056
1707 7.026
1708 5.394
1709 6.341
1710 4.229
1711 5.42
1712 3.269
1713 5.513
1714 4.315
1715 4.504
1716 2.47
1717 4.281
1718 3.357
1719 5.693
1720 4.312
1721 8.317
1722 4.976
1723 3.583
1724 1.94
1725 2.63
1726 4.18
1727 3.644
1728 2.912
1729 3.306
1730 2.453
1731 3.646
1732 3.515
1733 3.653
1734 1.852
1735 3.618
1736 2.989
1737 3.172
1738 1.783
1739 3.13
1740 3.386
1741 5.689
1742 3.499
1743 3.554
1744 5.733
1745 3.214
1746 4.515
1747 3.223
1748 4.884
1749 5.862
1750 5.585
1751 4.59
1752 4.565
1753 4.824
1754 4.781
1755 4.709
1756 3.932
1757 2.967
1758 3.803
1759 4.296
1760 4.064
1761 3.953
1762 4.619
1763 6.007
1764 5.52
1765 3.662
1766 4.833
1767 4.042
1768 3.597
1769 3.752
1770 3.645
1771 3.122
1772 5.131
1773 4.125
1774 2.826
1775 4.019
1776 4.083
1777 4.321
1778 7.756
1779 7.212
1780 4.757
1781 8.904
1782 5.359
1783 4.238
1784 4.964
1785 6.153
1786 3.283
1787 4.066
1788 6.441
1789 5.133
1790 4.874
1791 4.818
1792 4.735
1793 5.712
1794 5.195
1795 3.63
1796 3.448
1797 3.466
1798 5.173
1799 3.71
1800 3.432
1801 4.251
1802 6.639
1803 3.466
1804 4.255
1805 6.409
1806 5.881
1807 4.312
1808 7.229
1809 6.017
1810 7.251
1811 3.851
1812 4.381
1813 5.424
1814 3.525
1815 3.938
1816 4.787
1817 5.388
1818 3.137
1819 3.399
1820 3.847
1821 5.644
1822 5.264
1823 5.892
1824 6.43
1825 5.075
1826 5.769
1827 3.537
1828 3.001
1829 5.027
1830 2.959
1831 2.978
1832 5.055
1833 6.141
1834 5.381
1835 5.055
1836 2.965
1837 4.461
1838 5.358
1839 3.415
1840 3.337
1841 4.061
1842 4.563
1843 5.33
1844 3.591
1845 4.987
1846 4.892
1847 3.256
1848 3.347
1849 4.098
1850 4.648
1851 7.223
1852 3.673
1853 4.538
1854 3.966
1855 3.501
1856 4.707
1857 5.323
1858 4.793
1859 5.549
1860 5.47
1861 6.3
1862 3.855
1863 4.24
1864 3.626
1865 3.771
1866 4.136
1867 3.167
1868 5.644
1869 4.405
1870 7.558
1871 5.288
1872 4.674
1873 3.786
1874 4.715
1875 4.098
1876 5.269
1877 3.954
1878 4.281
1879 5.71
1880 6.231
1881 5.912
1882 3.994
1883 4.255
1884 3.8
1885 6.438
1886 4.848
1887 3.786
1888 5.456
1889 3.621
1890 4.523
1891 4.296
1892 2.89
1893 2.719
1894 2.641
1895 3.147
1896 2.708
1897 3.809
1898 2.353
1899 2.903
1900 4.091
1901 3.782
1902 4.315
1903 3.871
1904 3.078
1905 6.503
1906 2.784
1907 3.926
1908 3.997
1909 4.555
1910 4.043
1911 3.378
1912 3.351
1913 6.166
1914 3.282
1915 3.245
1916 4.113
1917 4.706
1918 4.704
1919 4.731
1920 4.25
1921 4.654
1922 3.904
1923 4.667
1924 4.219
1925 3.306
1926 5.041
1927 7.5
1928 5.248
1929 3.592
1930 4.055
1931 6.907
1932 7.018
1933 5.95
1934 6.768
1935 6.126
1936 4.395
1937 4.375
1938 4.829
1939 2.739
1940 3.165
1941 3.584
1942 2.655
1943 4.597
1944 4.394
1945 3.748
1946 3.865
1947 5.207
1948 4.611
1949 4.143
1950 4.792
1951 4.171
1952 6.678
1953 3.894
1954 3.63
1955 2.711
1956 5.157
1957 3.356
1958 3.741
1959 2.904
1960 1.88
1961 4.394
1962 2.997
1963 4.528
1964 5.956
1965 4.961
1966 4.753
1967 5.02
1968 6.146
1969 2.941
1970 2.895
1971 3.776
1972 5.611
1973 3.768
1974 4.164
1975 5.264
1976 7.018
1977 4.278
1978 4.335
1979 2.733
1980 5.054
1981 3.701
1982 3.663
1983 3.632
1984 2.527
1985 4.345
1986 3.716
1987 2.733
1988 2.366
1989 3.33
1990 4.508
1991 3.91
1992 3.37
1993 3.989
1994 4.916
1995 2.082
1996 4.493
1997 4.992
1998 3.193
1999 3.027
2000 5.61
2001 2.662
2002 4.598
2003 3.109
2004 4.905
2005 6.831
2006 4.457
2007 4.317
2008 4.875
2009 2.89
2010 2.683
2011 2.951
2012 4.316
2013 4.278
2014 2.991
2015 3.576
2016 5.924
2017 3.766
2018 6.618
2019 4.591
2020 3.813
2021 6.397
2022 4.916
2023 4.536
2024 4.501
2025 3.703
2026 6.335
2027 1.839
2028 4.298
2029 6.117
2030 4.04
2031 2.901
2032 7.004
2033 3.359
2034 3.617
2035 5.36
2036 2.743
2037 3.186
2038 5.392
2039 5.848
2040 3.81
2041 4.581
2042 3.926
2043 4.081
2044 4.586
2045 3.404
2046 5.606
2047 4.078
2048 4.062
2049 4.963
2050 5.594
2051 3.782
2052 2.475
2053 2.829
2054 5.094
2055 2.548
2056 5.034
2057 4.158
2058 4.666
2059 3.593
2060 3.991
2061 3.617
2062 4.365
2063 5.853
2064 3.425
2065 3.179
2066 3.044
2067 3.93
2068 3.227
2069 3.439
2070 5.553
2071 2.946
2072 4.568
2073 5.681
2074 8.654
2075 4.065
2076 4.993
2077 4.154
2078 3.69
2079 4.677
2080 3.837
2081 3.332
2082 5.805
2083 3.551
2084 3.48
2085 4.582
2086 3.455
2087 4.161
2088 3.114
2089 2.816
2090 2.488
2091 2.438
2092 3.975
2093 2.798
2094 3.598
2095 3.171
2096 2.552
2097 3.835
2098 2.476
2099 4.493
2100 3.826
2101 2.686
2102 3.714
2103 2.642
2104 4.008
2105 4.584
2106 3.491
2107 2.98
2108 3.909
2109 4.948
2110 2.594
2111 3.022
2112 2.737
2113 3.308
2114 2.843
2115 2.969
2116 3.496
2117 2.722
2118 2.545
2119 4.006
2120 2.075
2121 3.798
2122 2.791
2123 3.652
2124 3.217
2125 2.283
2126 4.342
2127 3.46
2128 3.923
2129 7.521
2130 3.287
2131 5.619
2132 3.019
2133 3.193
2134 4.757
2135 5.047
2136 5.289
2137 3.478
2138 3.209
2139 3.706
2140 4.565
2141 2.901
2142 4.734
2143 4.584
2144 4.083
2145 4.05
2146 2.285
2147 6.044
2148 4.073
2149 3.859
2150 2.341
2151 3.202
2152 2.731
2153 3.341
2154 2.698
2155 3.179
2156 3.843
2157 3.21
2158 2.911
2159 3.011
2160 4.336
2161 3.42
2162 2.55
2163 2.407
2164 2.889
2165 6.253
2166 3.317
2167 4.305
2168 3.05
2169 2.157
2170 6.125
2171 4.778
2172 4.771
2173 3.923
2174 4.209
2175 2.744
2176 2.621
2177 2.645
2178 7.001
2179 3.322
2180 4.597
2181 6.375
2182 4.57
2183 5.524
2184 5.619
2185 2.938
2186 4.21
2187 4.272
2188 7.154
2189 5.34
2190 2.759
2191 3.792
2192 3.424
2193 2.692
2194 4.566
2195 4.585
2196 3.73
2197 2.238
2198 3.858
2199 3.673
