# Paley(27) - v (n=26): margin-1, k=5, per-base-state search seconds
0 7.613
1 4.71
2 4.234
3 7.216
4 3.812
5 3.996
6 5.163
7 6.489
8 7.143
9 4.738
10 7.286
11 4.866
12 5.572
13 3.238
14 3.749
15 4.334
16 4.81
17 5.335
18 4.902
19 5.703
20 4.767
21 5.437
22 5.944
23 4.681
24 2.867
25 2.255
26 4.266
27 3.206
28 3.797
29 7.443
30 7.226
31 5.347
32 5.169
33 3.216
34 6.579
35 6.802
36 3.785
37 5.715
38 3.763
39 5.501
40 3.431
41 2.802
42 4.284
43 5.489
44 3.82
45 3.296
46 5.867
47 4.916
48 5.009
49 5.384
50 5.573
51 3.141
52 4.133
53 3.785
54 4.958
55 5.075
56 7.18
57 4.393
58 2.952
59 5.264
60 3.148
61 4.572
62 3.778
63 4.303
64 2.948
65 5.761
66 4.629
67 6.476
68 5.64
69 6.725
70 7.302
71 5.765
72 5.087
73 5.35
74 3.617
75 4.282
76 4.477
77 4.425
78 3.733
79 3.383
80 5.067
81 3.679
82 4.535
83 4.821
84 4.827
85 4.528
86 6.537
87 5.392
88 3.671
89 3.859
90 6.162
91 5.48
92 3.804
93 3.576
94 8.946
95 7.321
96 4.68
97 5.406
98 4.976
99 4.791
100 3.192
101 4.866
102 6.126
103 4.63
104 5.242
105 3.859
106 4.219
107 5.599
108 4.436
109 4.643
110 6.089
111 7.275
112 5.407
113 7.761
114 4.815
115 6.216
116 6.105
117 3.084
118 6.257
119 3.602
120 6.425
121 5.285
122 3.29
123 3.332
124 4.848
125 2.309
126 2.553
127 2.711
128 5.135
129 5.348
130 5.556
131 3.076
132 2.612
133 3.047
134 4.222
135 5.145
136 3.215
137 3.942
138 4.091
139 4.298
140 3.496
141 2.616
142 4.395
143 3.769
144 5.825
145 3.019
146 4.407
147 8.102
148 4.835
149 4.397
150 4.443
151 4.439
152 4.238
153 5.012
154 4.055
155 3.811
156 5.132
157 4.002
158 4.329
159 4.667
160 3.143
161 3.746
162 4.455
163 4.189
164 3.453
165 4.293
166 5.206
167 4.979
168 4.893
169 3.882
170 6.352
171 5.268
172 5.726
173 4.351
174 3.639
175 4.12
176 4.571
177 5.1
178 6.293
179 5.179
180 6.192
181 5.507
182 6.518
183 6.106
184 4.643
185 5.65
186 4.044
187 6.266
188 4.659
189 3.512
190 3.425
191 4.791
192 3.949
193 3.428
194 4.752
195 5.633
196 5.219
197 4.564
198 3.964
199 3.813
200 4.877
201 4.258
202 4.533
203 4.251
204 4.6
205 8.094
206 5.531
207 4.268
208 4.881
209 4.368
210 4.933
211 5.334
212 5.354
213 4.026
214 3.971
215 3.647
216 4.96
217 3.732
218 5.027
219 4.641
220 3.704
221 5.529
222 3.974
223 6.927
224 3.135
225 5.794
226 3.948
227 4.941
228 4.315
229 4.559
230 4.852
231 4.472
232 3.895
233 4.372
234 4.153
235 4.595
236 4.645
237 5.723
238 7.219
239 4.516
240 2.879
241 4.546
242 5.288
243 4.088
244 5.557
245 5.606
246 5.82
247 5.263
248 8.062
249 4.805
250 3.614
251 2.875
252 3.333
253 5.439
254 4.816
255 4.852
256 2.808
257 4.59
258 3.447
259 4.173
260 2.925
261 4.329
262 3.109
263 3.174
264 6.461
265 5.442
266 5.048
267 4.521
268 4.68
269 5.407
270 3.272
271 4.378
272 4.881
273 6.068
274 3.075
275 4.214
276 4.172
277 3.112
278 4.842
279 2.384
280 2.547
281 2.506
282 3.498
283 3.207
284 3.944
285 3.71
286 4.668
287 3.977
288 3.693
289 2.345
290 3.158
291 4.32
292 3.766
293 3.37
294 4.7
295 3.982
296 3.881
297 4.738
298 4.013
299 3.1
300 4.383
301 3.68
302 7.424
303 3.406
304 4.216
305 4.675
306 5.609
307 3.187
308 5.608
309 5.78
310 3.861
311 4.407
312 3.475
313 3.627
314 5.253
315 5.291
316 4.375
317 4.507
318 5.512
319 3.532
320 5.879
321 5.161
322 3.589
323 5.161
324 5.649
325 3.441
326 4.698
327 5.829
328 5.416
329 4.245
330 4.776
331 4.744
332 5.407
333 4.364
334 5.645
335 4.271
336 6.946
337 4.602
338 4.275
339 5.23
340 5.959
341 3.966
342 4.144
343 6.261
344 3.369
345 5.739
346 4.246
347 4.303
348 5.89
349 3.984
350 4.527
351 4.822
352 4.208
353 5.385
354 4.498
355 3.589
356 4.914
357 4.49
358 3.623
359 4.994
360 5.239
361 9.6
362 6.008
363 4.579
364 6.003
365 5.217
366 4.118
367 6.907
368 3.533
369 4.686
370 4.246
371 3.627
372 4.927
373 5.28
374 4.919
375 4.143
376 2.534
377 5.026
378 5.871
379 4.632
380 4.601
381 5.018
382 6.344
383 6.005
384 4.973
385 5.011
386 6.032
387 4.578
388 5.744
389 4.763
390 6.616
391 4.773
392 4.209
393 4.094
394 3.128
395 6.411
396 4.421
397 5.01
398 6.837
399 5.43
400 5.042
401 6.33
402 5.259
403 4.511
404 5.394
405 5.687
406 7.196
407 6.772
408 6.421
409 8.265
410 4.415
411 2.655
412 4.702
413 5.089
414 7.598
415 6.354
416 7.051
417 5.87
418 5.81
419 4.654
420 3.87
421 5.244
422 3.882
423 7.125
424 7.156
425 4.977
426 4.922
427 4.372
428 5.216
429 5.783
430 9.16
431 5.172
432 5.739
433 6.046
434 6.458
435 4.783
436 3.618
437 5.184
438 3.738
439 3.937
440 5.041
441 4.028
442 5.938
443 5.352
444 5.637
445 3.924
446 4.214
447 5.136
448 3.477
449 3.455
450 4.259
451 3.947
452 4.974
453 6.799
454 4.035
455 4.647
456 5.948
457 7.743
458 5.86
459 5.469
460 5.193
461 7.439
462 4.388
463 3.951
464 2.277
465 3.646
466 4.516
467 2.959
468 4.773
469 7.454
470 6.522
471 4.109
472 4.362
473 4.883
474 5.008
475 6.854
476 6.302
477 4.164
478 5.846
479 4.868
480 7.669
481 3.792
482 2.642
483 8.705
484 3.995
485 6.386
486 5.078
487 5.347
488 9.142
489 6.444
490 5.264
491 4.422
492 4.27
493 3.304
494 5.307
495 5.056
496 5.012
497 4.499
498 5.506
499 5.731
500 5.022
501 5.003
502 5.083
503 5.031
504 4.192
505 3.577
506 5.806
507 4.461
508 5.683
509 4.804
510 4.671
511 5.172
512 5.948
513 5.548
514 7.017
515 5.794
516 5.571
517 5.772
518 5.01
519 6.822
520 4.894
521 5.518
522 4.769
523 8.54
524 6.724
525 5.528
526 5.207
527 4.442
528 4.308
529 6.778
530 5.831
531 4.314
532 6.556
533 6.094
534 6.979
535 4.417
536 4.834
537 5.032
538 6.486
539 4.419
540 4.204
541 6.103
542 5.152
543 5.417
544 5.434
545 7.537
546 7.952
547 5.779
548 6.468
549 4.962
550 4.734
551 5.726
552 4.432
553 4.949
554 4.566
555 4.753
556 6.283
557 6.829
558 4.737
559 5.367
560 5.709
561 7.192
562 7.415
563 4.987
564 6.802
565 3.832
566 7.301
567 8.553
568 5.358
569 7.49
570 4.762
571 9.665
572 5.826
573 4.44
574 5.592
575 4.792
576 4.572
577 7.311
578 4.321
579 4.691
580 4.912
581 5.412
582 4.793
583 4.942
584 7.429
585 6.613
586 6.897
587 4.955
588 4.564
589 4.67
590 4.68
591 4.593
592 4.736
593 3.304
594 5.106
595 7.07
596 4.163
597 5.761
598 4.91
599 5.878
600 4.156
601 6.239
602 3.743
603 6.585
604 4.053
605 6.274
606 6.472
607 6.208
608 5.948
609 7.501
610 7.372
611 4.816
612 5.668
613 4.164
614 4.558
615 5.838
616 5.944
617 4.334
618 7.098
619 7.536
620 6.348
621 4.929
622 4.556
623 5.879
624 4.821
625 5.022
626 7.572
627 5.255
628 5.562
629 5.78
630 4.693
631 5.202
632 4.574
633 3.982
634 3.756
635 4.406
636 4.789
637 6.987
638 5.153
639 4.318
640 6.632
641 5.167
642 6.038
643 4.74
644 7.323
645 6.022
646 6.135
647 4.803
648 4.959
649 5.653
650 4.858
651 4.552
652 4.068
653 4.345
654 3.591
655 5.373
656 6.936
657 7.1
658 6.809
659 5.683
660 4.848
661 6.308
662 5.2
663 5.774
664 4.612
665 7.649
666 4.563
667 6.162
668 3.997
669 4.959
670 4.153
671 4.502
672 5.61
673 4.772
674 4.888
675 4.295
676 6.685
677 4.544
678 5.315
679 5.177
680 6.398
681 7.638
682 5.061
683 4.263
684 2.687
685 4.288
686 2.298
687 3.178
688 3.71
689 1.859
690 5.41
691 2.616
692 3.24
693 2.192
694 2.779
695 4.466
696 2.852
697 3.512
698 1.825
699 2.885
700 4.128
701 3.331
702 2.847
703 3.429
704 3.293
705 2.897
706 4.199
707 3.654
708 1.939
709 3.066
710 2.022
711 2.85
712 2.147
713 3.751
714 2.579
715 2.346
716 4.156
717 3.916
718 2.37
719 3.157
720 2.31
721 2.7
722 2.397
723 3.677
724 3.592
725 3.218
726 3.95
727 2.16
728 2.683
729 3.504
730 3.262
731 2.938
732 2.871
733 3.563
734 3.687
735 3.339
736 4.157
737 4.785
738 3.189
739 5.18
740 3.082
741 3.413
742 3.886
743 2.786
744 3.652
745 3.741
746 4.692
747 3.338
748 5.471
749 5.563
750 5.348
751 4.393
752 5.618
753 4.255
754 5.623
755 3.868
756 3.856
757 3.826
758 5.186
759 3.259
760 3.295
761 3.0
762 4.224
763 3.916
764 5.01
765 4.934
766 4.491
767 3.447
768 4.624
769 4.249
770 6.418
771 5.241
772 3.904
773 3.317
774 4.7
775 4.027
776 7.095
777 6.028
778 4.129
779 5.527
780 6.628
781 4.335
782 5.226
783 4.649
784 4.909
785 3.929
786 3.672
787 4.363
788 5.154
789 5.767
790 4.569
791 5.531
792 4.378
793 4.806
794 5.04
795 3.949
796 4.316
797 5.119
798 5.024
799 3.326
800 4.282
801 4.661
802 4.959
803 3.683
804 4.653
805 5.553
806 3.714
807 4.785
808 4.062
809 5.622
810 4.723
811 4.041
812 4.251
813 3.802
814 2.711
815 2.744
816 4.572
817 4.888
818 5.02
819 3.403
820 4.468
821 4.618
822 3.351
823 4.095
824 3.392
825 3.867
826 3.201
827 2.728
828 4.665
829 6.483
830 4.306
831 3.187
832 4.484
833 4.418
834 3.177
835 3.244
836 5.213
837 4.846
838 4.85
839 2.837
840 3.908
841 4.074
842 3.038
843 3.28
844 3.793
845 5.5
846 3.033
847 4.677
848 3.152
849 4.818
850 5.49
851 5.5
852 3.401
853 5.313
854 5.537
855 4.623
856 5.685
857 4.211
858 5.259
859 6.405
860 4.072
861 3.267
862 3.63
863 3.134
864 5.909
865 3.481
866 4.42
867 4.374
868 4.786
869 4.278
870 4.833
871 3.965
872 4.387
873 4.018
874 4.363
875 4.744
876 5.426
877 6.165
878 4.6
879 3.431
880 5.092
881 3.92
882 8.1
883 6.62
884 5.084
885 4.248
886 2.942
887 2.971
888 3.287
889 5.233
890 4.318
891 2.446
892 5.151
893 4.779
894 5.98
895 4.077
896 4.132
897 3.581
898 3.97
899 4.234
900 5.338
901 2.998
902 5.255
903 3.268
904 2.811
905 4.812
906 3.518
907 4.144
908 6.121
909 4.227
910 2.782
911 5.617
912 3.861
913 3.721
914 2.732
915 4.85
916 5.885
917 5.048
918 4.857
919 5.278
920 6.751
921 2.866
922 4.461
923 2.829
924 3.296
925 3.441
926 5.073
927 4.007
928 4.763
929 4.25
930 4.514
931 4.139
932 5.061
933 4.311
934 2.958
935 5.425
936 3.918
937 4.374
938 4.506
939 4.3
940 2.174
941 4.343
942 3.686
943 2.572
944 4.884
945 3.968
946 3.776
947 3.811
948 3.597
949 5.964
950 2.438
951 6.229
952 2.908
953 4.783
954 3.71
955 5.93
956 3.719
957 6.249
958 3.893
959 5.869
960 4.422
961 4.094
962 6.422
963 3.59
964 3.871
965 4.934
966 6.274
967 7.806
968 5.866
969 3.386
970 4.119
971 6.737
972 4.237
973 2.496
974 4.663
975 5.11
976 3.624
977 2.683
978 4.177
979 7.289
980 3.028
981 6.788
982 3.045
983 2.325
984 3.66
985 2.76
986 3.58
987 2.711
988 3.321
989 3.986
990 3.693
991 2.839
992 2.244
993 3.575
994 2.06
995 3.477
996 4.629
997 4.863
998 4.528
999 3.542
1000 6.496
1001 3.88
1002 4.525
1003 4.927
1004 5.192
1005 5.765
1006 5.388
1007 4.723
1008 5.718
1009 4.346
1010 6.3
1011 6.889
1012 3.827
1013 3.779
1014 4.409
1015 2.929
1016 5.346
1017 4.563
1018 2.975
1019 1.955
1020 3.38
1021 2.794
1022 1.837
1023 4.167
1024 3.664
1025 5.696
1026 4.675
1027 6.76
1028 4.187
1029 3.628
1030 2.878
1031 5.355
1032 8.298
1033 3.467
1034 4.421
1035 5.784
1036 5.04
1037 3.922
1038 4.799
1039 3.575
1040 2.915
1041 3.92
1042 3.633
1043 4.851
1044 4.674
1045 2.992
1046 3.295
1047 3.403
1048 5.074
1049 3.292
1050 6.772
1051 3.955
1052 5.343
1053 2.252
1054 4.685
1055 2.021
1056 4.663
1057 3.596
1058 2.943
1059 4.006
1060 7.584
1061 3.636
1062 5.216
1063 6.723
1064 6.604
1065 5.059
1066 2.883
1067 5.0
1068 2.532
1069 4.945
1070 5.819
1071 4.161
1072 4.374
1073 3.904
1074 3.253
1075 3.86
1076 4.349
1077 2.521
1078 3.433
1079 3.736
1080 4.216
1081 3.597
1082 4.281
1083 4.501
1084 3.482
1085 3.241
1086 5.408
1087 4.376
1088 4.205
1089 4.414
1090 3.767
1091 4.544
1092 3.079
1093 3.912
1094 4.149
1095 4.222
1096 4.594
1097 6.619
1098 4.889
1099 6.258
1100 3.738
1101 5.016
1102 5.329
1103 5.94
1104 4.458
1105 4.812
1106 5.137
1107 2.538
1108 4.192
1109 4.784
1110 6.229
1111 3.781
1112 3.3
1113 6.856
1114 5.339
1115 6.016
1116 3.876
1117 5.22
1118 3.267
1119 3.505
1120 6.019
1121 5.606
1122 4.474
1123 4.344
1124 4.829
1125 5.742
1126 4.643
1127 3.471
1128 6.891
1129 5.392
1130 3.954
1131 4.18
1132 6.394
1133 7.665
1134 7.806
1135 7.963
1136 4.065
1137 2.751
1138 5.476
1139 4.073
1140 2.545
1141 5.618
1142 2.034
1143 4.523
1144 3.486
1145 4.641
1146 6.362
1147 3.795
1148 2.537
1149 3.843
1150 4.608
1151 4.218
1152 3.744
1153 4.417
1154 5.394
1155 4.638
1156 4.599
1157 5.906
1158 6.013
1159 5.384
1160 4.766
1161 3.962
1162 6.09
1163 4.313
1164 5.884
1165 6.581
1166 5.691
1167 7.574
1168 7.369
1169 6.806
1170 4.453
1171 7.87
1172 8.488
1173 6.823
1174 5.222
1175 3.416
1176 3.546
1177 2.067
1178 3.505
1179 5.91
1180 3.99
1181 2.879
1182 2.958
1183 5.85
1184 4.05
1185 6.248
1186 5.915
1187 4.342
1188 2.666
1189 4.717
1190 2.997
1191 5.238
1192 5.189
1193 6.449
1194 4.768
1195 2.931
1196 4.347
1197 3.379
1198 5.318
1199 6.612
1200 5.663
1201 5.099
1202 3.957
1203 2.456
1204 3.61
1205 4.242
1206 3.547
1207 5.009
1208 5.739
1209 5.885
1210 6.742
1211 5.812
1212 3.457
1213 4.098
1214 4.745
1215 5.182
1216 5.007
1217 4.659
1218 2.439
1219 4.05
1220 3.444
1221 2.827
1222 3.775
1223 5.552
1224 5.03
1225 5.433
1226 3.851
1227 2.833
1228 4.497
1229 2.56
1230 3.184
1231 3.416
1232 3.756
1233 2.978
1234 2.513
1235 3.45
1236 2.014
1237 2.094
1238 3.306
1239 4.942
1240 3.547
1241 2.686
1242 2.721
1243 4.264
1244 3.822
1245 4.826
1246 4.712
1247 5.521
1248 4.858
1249 6.472
1250 4.208
1251 3.787
1252 4.281
1253 4.226
1254 3.41
1255 3.291
1256 4.756
1257 5.745
1258 4.385
1259 6.247
1260 4.588
1261 5.556
1262 4.233
1263 6.0
1264 4.049
1265 5.276
1266 7.156
1267 3.795
1268 4.438
1269 4.291
1270 4.117
1271 5.471
1272 6.312
1273 3.285
1274 3.375
1275 4.616
1276 5.098
1277 3.753
1278 4.139
1279 3.626
1280 3.572
1281 4.947
1282 4.179
1283 3.991
1284 3.583
1285 4.096
1286 3.349
1287 3.03
1288 4.415
1289 5.103
1290 4.397
1291 3.809
1292 4.996
1293 3.151
1294 3.864
1295 3.687
1296 3.101
1297 3.42
1298 3.112
1299 3.977
1300 5.294
1301 5.748
1302 4.512
1303 4.348
1304 5.524
1305 3.289
1306 4.444
1307 6.033
1308 4.248
1309 5.052
1310 3.396
1311 3.804
1312 4.379
1313 3.028
1314 1.734
1315 3.26
1316 2.822
1317 2.137
1318 3.653
1319 3.363
1320 4.682
1321 4.399
1322 4.309
1323 3.553
1324 3.863
1325 2.873
1326 4.756
1327 4.437
1328 4.383
1329 4.581
1330 5.349
1331 4.649
1332 2.8
1333 3.727
1334 3.897
1335 2.883
1336 3.623
1337 3.937
1338 3.929
1339 2.46
1340 3.021
1341 3.075
1342 2.795
1343 5.523
1344 3.22
1345 2.809
1346 4.157
1347 3.758
1348 4.44
1349 5.099
1350 4.845
1351 3.697
1352 5.161
1353 3.363
1354 2.932
1355 3.989
1356 6.088
1357 3.115
1358 4.654
1359 4.18
1360 4.51
1361 4.734
1362 2.617
1363 6.2
1364 4.122
1365 4.42
1366 2.291
1367 2.731
1368 3.224
1369 4.259
1370 7.809
1371 5.214
1372 3.092
1373 5.572
1374 5.125
1375 4.555
1376 4.025
1377 5.071
1378 6.118
1379 4.752
1380 8.127
1381 7.134
1382 4.08
1383 6.011
1384 5.084
1385 3.832
1386 6.342
1387 5.896
1388 5.398
1389 4.107
1390 4.366
1391 6.8
1392 4.593
1393 5.551
1394 6.121
1395 4.56
1396 3.438
1397 3.603
1398 4.017
1399 4.434
1400 4.281
1401 2.254
1402 3.778
1403 4.313
1404 5.156
1405 3.717
1406 3.061
1407 3.205
1408 3.539
1409 5.508
1410 6.448
1411 4.847
1412 4.257
1413 3.558
1414 7.259
1415 4.658
1416 3.458
1417 2.989
1418 2.795
1419 4.795
1420 5.348
1421 4.847
1422 5.402
1423 5.329
1424 4.233
1425 5.067
1426 5.53
1427 2.893
1428 3.904
1429 2.849
1430 4.092
1431 5.533
1432 6.298
1433 5.696
1434 3.618
1435 4.703
1436 6.356
1437 3.773
1438 3.502
1439 3.449
1440 4.077
1441 4.899
1442 5.395
1443 4.719
1444 4.68
1445 3.465
1446 6.644
1447 7.715
1448 3.947
1449 5.327
1450 6.587
1451 4.625
1452 3.993
1453 4.311
1454 6.715
1455 4.727
1456 4.622
1457 4.213
1458 3.725
1459 3.431
1460 4.312
1461 4.627
1462 5.696
1463 3.842
1464 6.317
1465 5.313
1466 5.382
1467 10.578
1468 6.289
1469 7.427
1470 4.124
1471 4.328
1472 3.515
1473 6.471
1474 5.305
1475 4.274
1476 5.55
1477 5.442
1478 8.098
1479 6.036
1480 6.62
1481 9.243
1482 5.553
1483 2.947
1484 3.374
1485 3.196
1486 3.058
1487 4.951
1488 8.031
1489 4.705
1490 3.087
1491 5.012
1492 4.463
1493 2.109
1494 5.981
1495 4.9
1496 6.391
1497 4.187
1498 5.01
1499 3.789
1500 5.282
1501 3.675
1502 3.955
1503 3.687
1504 3.23
1505 2.966
1506 3.33
1507 4.164
1508 4.631
1509 4.203
1510 5.091
1511 5.672
1512 4.195
1513 5.276
1514 6.952
1515 6.784
1516 3.512
1517 5.403
1518 4.586
1519 6.721
1520 5.181
1521 6.016
1522 6.674
1523 5.659
1524 5.94
1525 6.519
1526 5.695
1527 6.456
1528 5.148
1529 5.537
1530 4.645
1531 4.494
1532 5.853
1533 4.795
1534 4.214
1535 3.765
1536 3.601
1537 5.062
1538 4.802
1539 5.35
1540 3.487
1541 5.171
1542 4.354
1543 4.436
1544 4.213
1545 5.017
1546 4.663
1547 4.407
1548 4.636
1549 5.453
1550 5.046
1551 4.333
1552 4.2
1553 3.76
1554 5.44
1555 6.167
1556 4.337
1557 4.015
1558 6.441
1559 6.38
1560 3.622
1561 4.495
1562 3.106
1563 3.65
1564 5.56
1565 4.591
1566 4.839
1567 3.957
1568 3.382
1569 3.655
1570 4.221
1571 4.158
1572 4.623
1573 6.471
1574 4.61
1575 3.122
1576 5.236
1577 3.583
1578 4.979
1579 3.657
1580 6.319
1581 2.951
1582 3.714
1583 4.205
1584 3.175
1585 4.008
1586 3.993
1587 3.691
1588 2.908
1589 7.328
1590 6.374
1591 6.016
1592 6.316
1593 3.351
1594 4.452
1595 5.123
1596 4.671
1597 7.682
1598 6.155
1599 4.605
1600 6.272
1601 5.314
1602 4.671
1603 5.724
1604 5.359
1605 5.843
1606 5.069
1607 6.522
1608 5.134
1609 4.187
1610 3.928
1611 5.814
1612 3.451
1613 4.076
1614 5.732
1615 3.503
1616 3.426
1617 3.495
1618 4.087
1619 2.879
1620 5.703
1621 5.833
1622 5.098
1623 5.457
1624 3.575
1625 3.423
1626 5.918
1627 5.048
1628 3.757
1629 5.455
1630 4.832
1631 5.079
1632 4.648
1633 3.598
1634 5.977
1635 4.723
1636 2.702
1637 3.565
1638 4.105
1639 7.055
1640 3.369
1641 5.024
1642 3.144
1643 4.588
1644 3.833
1645 5.807
1646 3.828
1647 4.945
1648 4.334
1649 5.533
1650 4.501
1651 4.329
1652 3.485
1653 4.854
1654 4.179
1655 4.025
1656 3.818
1657 3.872
1658 4.472
1659 2.696
1660 3.262
1661 3.994
1662 2.451
1663 2.018
1664 4.502
1665 4.334
1666 3.704
1667 4.923
1668 5.021
1669 4.975
1670 2.758
1671 4.282
1672 4.226
1673 4.866
1674 4.615
1675 3.737
1676 4.403
1677 2.388
1678 3.912
1679 4.528
1680 3.96
1681 3.228
1682 2.314
1683 5.087
1684 4.199
1685 4.94
1686 5.388
1687 4.791
1688 6.563
1689 5.896
1690 2.898
1691 3.283
1692 3.225
1693 3.585
1694 5.861
1695 3.491
1696 5.166
1697 3.63
1698 3.604
1699 5.884
1700 5.307
1701 5.283
1702 5.285
1703 5.11
1704 4.576
1705 5.421
1706 4.094
1707 3.523
1708 4.637
1709 3.947
1710 4.069
1711 2.662
1712 5.51
1713 8.449
1714 5.696
1715 6.807
1716 4.819
1717 6.081
1718 4.203
1719 6.562
1720 3.385
1721 3.774
1722 3.994
1723 3.703
1724 6.023
1725 5.378
1726 3.704
1727 6.944
1728 3.331
1729 2.602
1730 5.452
1731 3.529
1732 7.315
1733 3.517
1734 4.321
1735 4.914
1736 7.429
1737 5.641
1738 5.966
1739 5.99
1740 3.848
1741 5.499
1742 6.792
1743 5.674
1744 3.451
1745 6.165
1746 6.478
1747 4.124
1748 3.594
1749 2.942
1750 5.169
1751 7.46
1752 4.538
1753 4.141
1754 4.493
1755 4.531
1756 5.98
1757 5.048
1758 4.837
1759 5.317
1760 4.112
1761 5.063
1762 5.92
1763 5.665
1764 6.012
1765 7.045
1766 7.36
1767 5.748
1768 4.301
1769 4.663
1770 4.586
1771 4.191
1772 4.502
1773 4.358
1774 3.823
1775 4.984
1776 5.615
1777 5.022
1778 3.687
1779 7.72
1780 5.659
1781 5.658
1782 3.828
1783 6.268
1784 3.934
1785 4.644
1786 5.044
1787 6.912
1788 8.183
1789 4.468
1790 6.68
1791 4.979
1792 4.424
1793 4.074
1794 5.87
1795 6.858
1796 4.13
1797 6.581
1798 6.602
1799 4.852
1800 7.555
1801 4.825
1802 3.679
1803 4.369
1804 5.64
1805 5.413
1806 5.633
1807 4.011
1808 6.077
1809 4.742
1810 3.269
1811 3.481
1812 6.57
1813 4.742
1814 3.244
1815 5.374
1816 6.583
1817 7.566
1818 5.562
1819 7.377
1820 6.008
1821 6.718
1822 6.62
1823 6.612
1824 5.991
1825 4.336
1826 3.747
1827 6.756
1828 4.392
1829 4.207
1830 4.693
1831 4.292
1832 6.619
1833 5.137
1834 4.745
1835 7.631
1836 5.701
1837 3.453
1838 4.936
1839 3.919
1840 6.788
1841 6.323
1842 3.785
1843 6.434
1844 3.488
1845 5.06
1846 7.103
1847 5.016
1848 3.427
1849 2.53
1850 4.078
1851 5.388
1852 7.528
1853 5.2
1854 4.595
1855 5.455
1856 2.953
1857 5.845
1858 5.989
1859 5.501
1860 4.615
1861 5.671
1862 3.308
1863 5.266
1864 3.207
1865 4.119
1866 4.077
1867 5.321
1868 4.647
1869 4.938
1870 6.8
1871 4.478
1872 4.989
1873 5.451
1874 4.664
1875 4.829
1876 5.802
1877 5.571
1878 5.973
1879 5.407
1880 2.754
1881 3.067
1882 3.26
1883 4.94
1884 4.945
1885 5.943
1886 3.889
1887 2.193
1888 3.517
1889 3.1
1890 4.282
1891 2.434
1892 3.164
1893 3.575
1894 1.257
1895 3.78
1896 4.209
1897 5.883
1898 3.087
1899 2.481
1900 5.216
1901 3.927
1902 3.735
1903 4.318
1904 4.825
1905 5.041
1906 3.81
1907 4.272
1908 3.739
1909 2.181
1910 3.957
1911 2.627
1912 4.474
1913 4.642
1914 5.256
1915 2.336
1916 3.451
1917 4.742
1918 3.977
1919 5.054
1920 3.444
1921 3.233
1922 5.694
1923 5.075
1924 3.215
1925 3.768
1926 3.334
1927 3.418
1928 4.38
1929 2.684
1930 1.296
1931 3.226
1932 6.048
1933 5.036
1934 4.167
1935 3.942
1936 4.411
1937 3.635
1938 3.862
1939 4.276
1940 3.996
1941 3.511
1942 3.438
1943 5.864
1944 3.784
1945 4.241
1946 3.649
1947 3.827
1948 5.197
1949 3.063
1950 4.82
1951 4.087
1952 4.687
1953 5.599
1954 3.153
1955 4.368
1956 2.741
1957 2.33
1958 3.926
1959 3.852
1960 2.793
1961 3.894
1962 3.254
1963 2.392
1964 2.691
1965 2.652
1966 3.149
1967 2.997
1968 3.109
1969 3.232
1970 5.435
1971 7.85
1972 5.465
1973 3.869
1974 6.008
1975 5.692
1976 4.231
1977 3.961
1978 5.705
1979 4.699
1980 4.528
1981 6.826
1982 5.26
1983 3.762
1984 4.366
1985 3.746
1986 3.248
1987 5.484
1988 5.793
1989 4.32
1990 4.827
1991 4.4
1992 5.209
1993 7.675
1994 4.082
1995 5.892
1996 5.956
1997 4.54
1998 7.405
1999 6.767
2000 4.023
2001 5.723
2002 4.721
2003 5.079
2004 4.262
2005 6.753
2006 6.235
2007 4.279
2008 4.864
2009 3.656
2010 6.129
2011 4.153
2012 5.591
2013 3.115
2014 5.193
2015 4.706
2016 5.217
2017 3.018
2018 6.154
2019 8.389
2020 4.225
2021 6.317
2022 4.144
2023 4.69
2024 5.846
2025 3.671
2026 4.595
2027 3.273
2028 5.16
2029 4.895
2030 7.323
2031 5.498
2032 4.798
2033 4.111
2034 5.777
2035 4.428
2036 3.964
2037 5.058
2038 4.056
2039 2.923
2040 4.146
2041 3.686
2042 3.389
2043 5.572
2044 3.602
2045 3.414
2046 5.708
2047 5.814
2048 3.633
2049 6.235
2050 3.026
2051 7.489
2052 6.774
2053 4.03
2054 3.873
2055 6.345
2056 3.049
2057 5.156
2058 3.363
2059 5.855
2060 5.124
2061 4.696
2062 5.195
2063 2.66
2064 3.835
2065 5.058
2066 7.762
2067 3.013
2068 1.434
2069 3.312
2070 5.742
2071 6.989
2072 3.872
2073 5.79
2074 3.507
2075 4.447
2076 6.795
2077 5.9
2078 3.941
2079 2.648
2080 6.032
2081 4.159
2082 4.611
2083 3.652
2084 3.085
2085 3.274
2086 3.615
2087 6.212
2088 4.393
2089 6.94
2090 2.832
2091 3.694
2092 3.579
2093 1.214
2094 3.307
2095 3.46
2096 5.791
2097 7.285
2098 6.27
2099 3.031
2100 3.637
2101 3.88
2102 6.261
2103 5.979
2104 6.704
2105 3.461
2106 4.99
2107 5.497
2108 4.454
2109 3.992
2110 2.866
2111 3.62
2112 3.986
2113 6.441
2114 3.627
2115 5.071
2116 5.686
2117 5.078
2118 5.625
2119 4.887
2120 6.296
2121 4.465
2122 5.916
2123 6.582
2124 4.376
2125 5.078
2126 2.849
2127 2.961
2128 3.005
2129 4.963
2130 5.223
2131 4.76
2132 5.691
2133 3.293
2134 4.158
2135 6.033
2136 4.823
2137 4.991
2138 4.602
2139 6.072
2140 6.866
2141 5.699
2142 4.71
2143 4.941
2144 5.269
2145 4.267
2146 5.282
2147 4.042
2148 4.63
2149 5.808
2150 5.506
2151 4.494
2152 5.266
2153 4.887
2154 4.553
2155 5.001
2156 5.852
2157 6.67
2158 4.731
2159 3.789
2160 3.549
2161 3.408
2162 3.188
2163 5.434
2164 6.026
2165 2.789
2166 2.962
2167 5.271
2168 6.137
2169 2.75
2170 4.529
2171 6.738
2172 5.656
2173 6.75
2174 6.763
2175 4.24
2176 5.008
2177 6.064
2178 7.31
2179 3.85
2180 6.314
2181 2.54
2182 4.028
2183 6.411
2184 2.692
2185 4.807
2186 7.611
2187 3.128
2188 5.184
2189 5.178
2190 4.537
2191 2.824
2192 4.686
2193 6.526
2194 7.885
2195 6.207
2196 6.109
2197 6.459
2198 6.106
2199 4.918
