# Paley(31) - v (n=30): margin-1, k=5, per-base-state search seconds
0 2.009
1 2.628
2 2.438
3 2.219
4 3.874
5 3.25
6 4.409
7 3.402
8 2.227
9 3.018
10 3.374
11 3.894
12 3.825
13 3.036
14 2.81
15 3.241
16 2.313
17 2.616
18 2.904
19 3.162
20 1.894
21 3.817
22 3.333
23 3.181
24 2.06
25 4.882
26 3.719
27 2.822
28 3.57
29 5.021
30 3.975
31 2.648
32 4.728
33 3.01
34 1.578
35 4.596
36 3.322
37 4.044
38 3.924
39 4.633
40 3.189
41 2.154
42 2.798
43 2.501
44 4.258
45 3.772
46 2.336
47 3.241
48 3.232
49 3.777
50 2.441
51 4.027
52 3.155
53 4.233
54 3.998
55 3.885
56 3.351
57 4.236
58 4.016
59 2.117
60 3.368
61 2.199
62 4.925
63 4.505
64 2.694
65 3.586
66 5.667
67 3.739
68 3.853
69 3.419
70 3.501
71 3.798
72 6.75
73 5.146
74 5.267
75 4.555
76 3.29
77 3.974
78 4.042
79 2.726
80 3.662
81 3.109
82 3.114
83 4.06
84 2.313
85 2.692
86 2.815
87 2.701
88 3.468
89 3.361
90 3.233
91 2.778
92 4.215
93 3.636
94 2.969
95 3.501
96 2.977
97 3.77
98 3.311
99 4.586
100 2.816
101 2.631
102 4.185
103 5.076
104 3.772
105 2.893
106 2.939
107 2.465
108 3.719
109 4.287
110 4.144
111 2.898
112 4.049
113 5.266
114 2.91
115 6.123
116 4.059
117 4.793
118 3.008
119 4.708
120 2.114
121 6.477
122 2.302
123 5.628
124 3.897
125 3.051
126 2.023
127 4.771
128 3.29
129 4.519
130 6.027
131 5.432
132 2.958
133 3.385
134 3.589
135 4.701
136 2.757
137 2.125
138 5.245
139 4.505
140 3.343
141 3.053
142 2.486
143 2.916
144 1.897
145 4.005
146 4.208
147 4.945
148 4.181
149 4.843
150 5.109
151 3.441
152 3.881
153 3.002
154 4.404
155 3.393
156 2.493
157 2.304
158 4.253
159 3.638
160 3.082
161 3.342
162 3.219
163 2.162
164 3.109
165 2.561
166 2.364
167 3.995
168 2.535
169 3.068
170 2.677
171 4.597
172 4.237
173 4.237
174 2.436
175 1.956
176 3.59
177 2.05
178 3.563
179 3.193
180 2.005
181 3.662
182 3.47
183 2.04
184 3.385
185 3.054
186 3.51
187 5.046
188 4.192
189 2.228
190 2.115
191 3.76
192 2.331
193 2.275
194 3.048
195 2.592
196 0.889
197 3.678
198 2.364
199 3.661
200 3.512
201 2.93
202 3.615
203 4.461
204 4.301
205 2.816
206 2.853
207 2.882
208 2.298
209 2.382
210 2.501
211 3.45
212 4.099
213 3.214
214 3.865
215 3.71
216 2.41
217 1.983
218 2.989
219 2.496
220 1.792
221 5.395
222 2.319
223 3.442
224 2.088
225 2.282
226 1.773
227 3.392
228 2.569
229 3.219
230 2.194
231 2.362
232 2.872
233 1.951
234 2.766
235 3.553
236 3.304
237 3.637
238 4.777
239 3.328
240 2.707
241 3.684
242 2.423
243 3.309
244 3.06
245 4.037
246 4.776
247 2.271
248 2.386
249 3.021
250 3.551
251 2.818
252 2.727
253 2.923
254 4.369
255 3.349
256 2.235
257 2.799
258 3.883
259 2.024
260 2.228
261 3.714
262 3.416
263 2.029
264 1.779
265 5.067
266 1.922
267 1.646
268 3.064
269 3.268
270 1.915
271 2.168
272 3.334
273 3.395
274 5.243
275 4.999
276 4.346
277 4.219
278 4.216
279 3.088
280 4.862
281 5.561
282 4.705
283 3.124
284 2.745
285 3.766
286 3.121
287 3.713
288 3.911
289 3.552
290 2.897
291 3.241
292 5.549
293 3.983
294 3.643
295 2.679
296 1.872
297 2.33
298 2.796
299 2.492
300 1.597
301 2.925
302 5.977
303 3.735
304 5.96
305 4.741
306 3.369
307 3.307
308 2.904
309 1.667
310 4.343
311 4.889
312 2.459
313 2.32
314 3.028
315 2.875
316 3.506
317 3.494
318 2.614
319 3.36
320 5.254
321 5.765
322 2.886
323 2.735
324 3.063
325 3.278
326 4.149
327 2.335
328 3.207
329 2.878
330 5.407
331 2.816
332 5.332
333 2.665
334 5.445
335 3.587
336 4.061
337 3.257
338 2.373
339 2.382
340 3.15
341 2.578
342 4.863
343 3.33
344 2.64
345 1.893
346 4.48
347 2.061
348 3.735
349 2.819
350 2.004
351 2.586
352 2.788
353 2.278
354 0.977
355 2.899
356 1.973
357 2.536
358 1.419
359 1.665
360 1.768
361 3.237
362 2.571
363 2.629
364 3.242
365 3.934
366 3.918
367 3.045
368 1.86
369 1.966
370 2.86
371 3.662
372 4.115
373 3.645
374 3.02
375 2.552
376 2.031
377 3.828
378 4.979
379 3.914
380 3.851
381 3.813
382 1.6
383 2.76
384 2.683
385 2.063
386 3.065
387 3.566
388 2.478
389 5.188
390 3.698
391 4.388
392 4.252
393 2.369
394 2.039
395 4.535
396 4.184
397 3.096
398 3.77
399 3.287
400 1.99
401 3.35
402 4.723
403 3.08
404 2.97
405 2.533
406 3.683
407 4.809
408 4.291
409 2.894
410 3.201
411 2.953
412 2.415
413 4.127
414 4.142
415 2.749
416 4.322
417 3.394
418 2.944
419 3.979
420 3.683
421 3.963
422 3.513
423 3.102
424 3.295
425 2.464
426 3.541
427 4.438
428 2.892
429 3.146
430 1.985
431 2.792
432 3.691
433 2.754
434 4.412
435 2.165
436 3.211
437 3.139
438 3.543
439 4.525
440 3.283
441 4.689
442 3.233
443 3.778
444 2.882
445 2.405
446 4.474
447 6.512
448 6.681
449 5.039
450 3.22
451 2.433
452 3.523
453 4.581
454 3.781
455 2.969
456 4.812
457 3.513
458 3.267
459 2.29
460 2.886
461 2.55
462 2.319
463 2.491
464 5.473
465 2.363
466 4.009
467 1.923
468 2.905
469 4.805
470 2.075
471 3.338
472 2.186
473 3.181
474 1.758
475 2.35
476 2.688
477 1.79
478 3.164
479 5.809
480 2.957
481 2.224
482 4.045
483 2.696
484 4.836
485 2.563
486 2.918
487 4.019
488 3.865
489 4.456
490 2.464
491 3.397
492 3.606
493 3.109
494 3.55
495 2.848
496 2.094
497 3.883
498 1.952
499 3.636
500 4.41
501 2.823
502 3.851
503 3.914
504 2.945
505 2.406
506 3.057
507 3.244
508 2.986
509 4.206
510 4.216
511 3.42
512 2.957
513 5.851
514 2.53
515 2.933
516 3.953
517 4.069
518 3.728
519 3.477
520 3.037
521 3.196
522 3.659
523 3.319
524 2.806
525 4.475
526 4.794
527 3.465
528 3.356
529 3.012
530 3.049
531 3.399
532 2.845
533 2.976
534 1.997
535 3.642
536 2.773
537 1.959
538 4.066
539 2.321
540 2.633
541 3.526
542 2.891
543 2.818
544 2.383
545 3.86
546 5.501
547 4.961
548 4.73
549 4.06
550 3.139
551 4.038
552 2.61
553 4.356
554 4.38
555 2.201
556 3.076
557 5.076
558 3.865
559 1.729
560 4.434
561 3.658
562 2.26
563 2.95
564 2.947
565 2.868
566 5.18
567 4.386
568 5.16
569 3.105
570 3.257
571 2.978
572 3.833
573 4.543
574 6.5
575 4.724
576 3.833
577 4.306
578 3.152
579 2.929
580 3.905
581 2.909
582 3.095
583 4.075
584 3.987
585 3.808
586 4.613
587 3.18
588 2.913
589 2.621
590 4.519
591 4.904
592 3.724
593 4.469
594 4.987
595 4.893
596 2.694
597 4.729
598 2.607
599 2.162
600 4.091
601 4.036
602 3.008
603 3.321
604 3.404
605 3.713
606 3.748
607 3.333
608 5.968
609 4.267
610 3.766
611 3.737
612 3.644
613 6.533
614 3.906
615 5.52
616 3.365
617 3.806
618 3.47
619 2.643
620 4.401
621 4.323
622 4.539
623 3.663
624 4.234
625 2.871
626 2.343
627 5.239
628 4.836
629 3.309
630 4.0
631 4.996
632 5.035
633 3.078
634 3.773
635 2.567
636 4.037
637 5.362
638 4.955
639 5.261
640 3.384
641 2.865
642 3.305
643 4.394
644 3.224
645 2.685
646 3.004
647 2.303
648 2.901
649 2.038
650 2.91
651 2.614
652 2.756
653 2.302
654 5.305
655 1.618
656 2.924
657 3.173
658 2.757
659 3.762
660 3.717
661 2.512
662 2.542
663 3.739
664 2.45
665 3.295
666 3.959
667 2.509
668 2.094
669 4.349
670 3.516
671 3.016
672 1.946
673 2.165
674 2.404
675 3.095
676 2.133
677 3.252
678 6.668
679 4.167
680 6.31
681 6.053
682 3.702
683 3.591
684 3.027
685 1.891
686 4.027
687 4.15
688 2.598
689 5.207
690 3.197
691 4.885
692 3.403
693 2.25
694 3.442
695 3.355
696 2.797
697 2.44
698 2.622
699 2.697
700 2.999
701 1.615
702 2.07
703 2.421
704 3.439
705 2.397
706 2.444
707 2.399
708 4.309
709 3.983
710 3.31
711 3.814
712 3.181
713 3.807
714 3.716
715 4.298
716 3.876
717 4.486
718 3.975
719 4.6
720 4.537
721 4.115
722 3.795
723 5.027
724 4.495
725 4.496
726 3.675
727 3.416
728 3.861
729 4.683
730 3.006
731 3.857
732 3.478
733 4.992
734 3.034
735 3.117
736 2.288
737 2.004
738 2.591
739 2.074
740 2.086
741 2.162
742 2.702
743 2.767
744 1.692
745 3.906
746 5.083
747 3.511
748 3.288
749 3.127
750 2.974
751 5.349
752 5.04
753 4.29
754 3.377
755 4.109
756 3.704
757 4.424
758 4.213
759 4.37
760 4.443
761 4.982
762 5.407
763 4.005
764 3.632
765 3.04
766 4.822
767 5.695
768 5.378
769 4.82
770 5.367
771 3.534
772 6.587
773 6.757
774 5.929
775 4.632
776 4.128
777 4.841
778 3.019
779 2.736
780 3.529
781 3.682
782 5.817
783 6.106
784 3.488
785 2.077
786 5.418
787 4.371
788 3.423
789 3.19
790 3.153
791 3.564
792 3.529
793 4.35
794 3.876
795 2.97
796 3.621
797 3.591
798 1.916
799 4.287
800 3.284
801 3.696
802 4.62
803 3.933
804 2.148
805 3.105
806 2.483
807 0.869
808 3.284
809 2.275
810 4.332
811 2.973
812 3.533
813 5.378
814 2.838
815 3.143
816 2.561
817 4.196
818 1.435
819 3.586
820 2.734
821 2.694
822 2.919
823 4.461
824 3.795
825 3.333
826 3.638
827 5.085
828 3.585
829 3.609
830 2.125
831 2.688
832 3.162
833 3.409
834 3.623
835 3.168
836 2.712
837 2.519
838 1.863
839 3.078
840 6.169
841 3.951
842 3.758
843 4.252
844 2.641
845 3.81
846 2.134
847 2.519
848 3.521
849 3.58
850 2.789
851 3.004
852 1.68
853 2.302
854 3.841
855 2.791
856 3.499
857 3.767
858 3.153
859 3.283
860 4.158
861 2.941
862 4.363
863 3.531
864 2.541
865 3.016
866 3.265
867 2.743
868 3.014
869 1.476
870 3.752
871 4.632
872 4.394
873 2.713
874 3.763
875 4.245
876 3.48
877 3.495
878 4.855
879 4.277
880 4.593
881 5.702
882 3.631
883 3.66
884 3.059
885 2.986
886 4.208
887 3.529
888 3.758
889 2.896
890 2.533
891 3.4
892 2.102
893 3.728
894 5.024
895 3.737
896 5.908
897 3.945
898 5.65
899 4.795
900 5.984
901 3.645
902 3.397
903 4.484
904 3.608
905 2.523
906 3.483
907 3.989
908 5.371
909 3.067
910 3.404
911 3.935
912 2.803
913 3.907
914 2.513
915 3.255
916 3.757
917 3.126
918 3.693
919 3.189
920 2.824
921 3.292
922 2.905
923 2.893
924 4.58
925 3.665
926 3.727
927 5.873
928 5.829
929 5.635
930 4.777
931 5.924
932 3.748
933 4.133
934 3.809
935 3.415
936 3.34
937 3.136
938 3.007
939 3.437
940 4.311
941 3.659
942 4.469
943 3.261
944 3.652
945 3.039
946 3.706
947 3.623
948 3.714
949 2.372
950 3.983
951 3.267
952 3.616
953 3.685
954 3.136
955 3.818
956 3.326
957 3.469
958 2.306
959 2.948
960 2.568
961 2.672
962 2.154
963 2.162
964 4.448
965 3.4
966 6.875
967 2.675
968 4.418
969 4.489
970 3.627
971 2.434
972 4.177
973 5.304
974 4.185
975 4.481
976 3.366
977 4.551
978 6.076
979 4.678
980 4.234
981 2.423
982 3.27
983 4.786
984 4.91
985 2.443
986 3.916
987 3.792
988 2.255
989 4.981
990 4.044
991 1.91
992 4.095
993 3.72
994 2.227
995 4.103
996 4.41
997 4.0
998 2.942
999 2.423
1000 3.388
1001 3.917
1002 1.668
1003 3.965
1004 3.48
1005 3.288
1006 5.699
1007 5.235
1008 5.379
1009 3.059
1010 2.8
1011 3.047
1012 5.464
1013 4.593
1014 4.957
1015 3.473
1016 5.424
1017 4.464
1018 3.713
1019 3.496
1020 4.371
1021 5.007
1022 3.362
1023 3.239
1024 3.644
1025 3.354
1026 5.073
1027 2.096
1028 3.329
1029 3.39
1030 3.09
1031 4.968
1032 4.088
1033 2.902
1034 3.896
1035 3.121
1036 3.72
1037 3.309
1038 3.591
1039 3.845
1040 4.073
1041 3.485
1042 2.61
1043 3.758
1044 3.507
1045 4.829
1046 3.744
1047 3.722
1048 4.201
1049 4.372
1050 3.466
1051 4.814
1052 3.469
1053 4.508
1054 3.902
1055 3.768
1056 4.707
1057 4.577
1058 5.053
1059 3.815
1060 3.952
1061 4.114
1062 2.636
1063 5.592
1064 5.083
1065 4.482
1066 4.684
1067 4.626
1068 1.734
1069 2.779
1070 3.309
1071 4.489
1072 3.244
1073 2.075
1074 3.225
1075 4.339
1076 4.623
1077 3.148
1078 3.477
1079 5.012
1080 3.878
1081 4.947
1082 2.633
1083 3.974
1084 2.757
1085 6.048
1086 6.388
1087 5.826
1088 4.263
1089 5.053
1090 4.361
1091 5.578
1092 3.581
1093 4.159
1094 5.715
1095 6.612
1096 5.27
1097 4.603
1098 1.664
1099 4.43
1100 2.89
1101 2.755
1102 3.589
1103 4.521
1104 2.981
1105 2.433
1106 5.061
1107 4.839
1108 2.193
1109 2.404
1110 1.882
1111 3.664
1112 2.537
1113 3.873
1114 4.629
1115 2.58
1116 3.059
1117 2.932
1118 4.883
1119 3.473
1120 3.797
1121 3.777
1122 2.367
1123 3.014
1124 2.797
1125 2.392
1126 2.963
1127 2.386
1128 3.877
1129 4.926
1130 3.594
1131 3.485
1132 3.281
1133 3.029
1134 2.79
1135 1.863
1136 1.985
1137 5.024
1138 5.012
1139 2.818
1140 2.423
1141 2.571
1142 4.346
1143 4.441
1144 3.909
1145 5.052
1146 4.016
1147 6.762
1148 3.244
1149 3.473
1150 4.481
1151 3.897
1152 5.984
1153 4.563
1154 5.623
1155 4.793
1156 4.264
1157 4.28
1158 3.861
1159 4.129
1160 4.185
1161 4.483
1162 3.841
1163 3.264
1164 2.873
1165 3.56
1166 5.063
1167 3.934
1168 2.888
1169 5.303
1170 3.337
1171 4.055
1172 4.714
1173 4.324
1174 2.825
1175 5.418
1176 6.403
1177 4.427
1178 2.765
1179 5.67
1180 5.82
1181 6.991
1182 4.469
1183 4.95
1184 4.698
1185 2.862
1186 3.911
1187 6.031
1188 3.82
1189 3.874
1190 3.088
1191 6.534
1192 4.302
1193 4.3
1194 4.157
1195 3.787
1196 4.485
1197 4.343
1198 4.774
1199 4.121
1200 4.453
1201 3.984
1202 4.57
1203 3.08
1204 4.487
1205 3.459
1206 3.912
1207 3.783
1208 3.977
1209 5.444
1210 4.344
1211 4.604
1212 3.06
1213 3.777
1214 3.323
1215 3.462
1216 2.835
1217 3.828
1218 5.423
1219 1.872
1220 3.397
1221 4.277
1222 2.244
1223 4.446
1224 3.66
1225 3.861
1226 3.941
1227 3.806
1228 3.974
1229 5.68
1230 4.268
1231 3.101
1232 4.146
1233 2.795
1234 3.517
1235 4.65
1236 3.857
1237 4.164
1238 3.233
1239 4.081
1240 3.674
1241 5.703
1242 4.038
1243 4.651
1244 4.797
1245 7.149
1246 3.52
1247 6.193
1248 2.847
1249 3.238
1250 4.174
1251 4.026
1252 4.168
1253 3.455
1254 4.136
1255 4.055
1256 2.959
1257 3.678
1258 3.295
1259 2.422
1260 3.216
1261 2.703
1262 5.06
1263 3.597
1264 3.772
1265 4.183
1266 3.014
1267 3.643
1268 4.217
1269 6.271
1270 5.817
1271 3.752
1272 4.077
1273 4.977
1274 5.238
1275 7.271
1276 3.587
1277 3.074
1278 4.54
1279 5.051
1280 3.713
1281 5.156
1282 6.16
1283 4.275
1284 5.912
1285 3.528
1286 4.961
1287 6.537
1288 5.672
1289 4.411
1290 4.576
1291 7.042
1292 3.873
1293 3.723
1294 3.44
1295 4.997
1296 5.711
1297 3.615
1298 5.317
1299 5.66
1300 5.953
1301 3.573
1302 4.071
1303 4.862
1304 2.698
1305 3.111
1306 2.686
1307 4.314
1308 2.132
1309 2.33
1310 2.683
1311 3.454
1312 4.543
1313 4.288
1314 3.108
1315 3.727
1316 5.781
1317 2.902
1318 3.515
1319 4.222
1320 3.668
1321 4.527
1322 3.913
1323 3.0
1324 4.288
1325 4.126
1326 4.073
1327 3.298
1328 3.126
1329 3.969
1330 4.497
1331 4.168
1332 3.986
1333 4.658
1334 4.072
1335 4.468
1336 2.205
1337 3.832
1338 2.193
1339 3.056
1340 3.896
1341 4.639
1342 4.597
1343 5.262
1344 5.049
1345 5.534
1346 4.592
1347 3.784
1348 4.429
1349 4.581
1350 3.72
1351 5.537
1352 3.268
1353 4.275
1354 4.459
1355 3.372
1356 3.581
1357 4.479
1358 4.946
1359 4.049
1360 5.856
1361 4.383
1362 3.412
1363 3.974
1364 5.822
1365 5.007
1366 3.467
1367 4.974
1368 6.653
1369 5.994
1370 3.572
1371 3.923
1372 5.324
1373 6.871
1374 3.786
1375 3.041
1376 3.612
1377 2.914
1378 6.41
1379 4.626
1380 2.701
1381 2.126
1382 2.827
1383 4.219
1384 4.337
1385 4.339
1386 3.406
1387 3.868
1388 2.833
1389 5.133
1390 4.478
1391 3.351
1392 4.283
1393 4.552
1394 5.987
1395 2.506
1396 5.249
1397 3.326
1398 6.341
1399 3.935
1400 5.437
1401 4.339
1402 3.588
1403 3.883
1404 4.823
1405 3.937
1406 3.81
1407 6.894
1408 4.216
1409 3.548
1410 4.149
1411 3.077
1412 3.962
1413 3.455
1414 2.815
1415 2.747
1416 3.337
1417 2.924
1418 3.049
1419 2.374
1420 5.001
1421 7.061
1422 8.475
1423 3.066
1424 4.428
1425 6.006
1426 3.374
1427 2.592
1428 5.642
1429 5.203
1430 3.426
1431 3.465
1432 3.397
1433 2.917
1434 5.979
1435 6.196
1436 4.273
1437 3.306
1438 4.543
1439 2.89
1440 5.489
1441 3.527
1442 3.246
1443 4.079
1444 3.551
1445 4.337
1446 2.347
1447 3.196
1448 3.255
1449 5.389
1450 2.752
1451 3.757
1452 3.947
1453 3.649
1454 2.986
1455 4.439
1456 4.417
1457 4.47
1458 2.452
1459 2.656
1460 3.334
1461 2.088
1462 1.772
1463 2.636
1464 2.54
1465 2.916
1466 2.763
1467 3.052
1468 2.717
1469 2.522
1470 3.295
1471 2.886
1472 3.697
1473 2.778
1474 1.844
1475 2.239
1476 1.636
1477 2.036
1478 3.463
1479 2.974
1480 2.482
1481 2.89
1482 3.594
1483 2.053
1484 4.866
1485 3.705
1486 1.851
1487 3.314
1488 3.086
1489 2.107
1490 1.639
1491 1.712
1492 2.92
1493 1.542
1494 2.698
1495 4.727
1496 5.643
1497 5.004
1498 4.423
1499 4.683
1500 2.763
1501 5.707
1502 3.253
1503 4.453
1504 4.118
1505 4.22
1506 2.849
1507 3.57
1508 6.902
1509 3.001
1510 4.981
1511 3.148
1512 3.93
1513 4.691
1514 3.919
1515 4.334
1516 4.073
1517 4.141
1518 4.46
1519 3.882
1520 2.907
1521 3.652
1522 3.301
1523 3.674
1524 3.012
1525 3.559
1526 3.932
1527 3.332
1528 3.64
1529 5.532
1530 5.599
1531 3.352
1532 3.3
1533 2.966
1534 7.43
1535 3.622
1536 3.124
1537 3.295
1538 2.846
1539 3.735
1540 3.153
1541 2.721
1542 3.568
1543 2.76
1544 3.047
1545 2.142
1546 4.163
1547 2.086
1548 3.178
1549 2.228
1550 3.832
1551 2.604
1552 1.861
1553 2.443
1554 3.102
1555 3.313
1556 1.925
1557 3.857
1558 3.058
1559 2.262
1560 4.257
1561 1.619
1562 3.096
1563 3.243
1564 3.578
1565 5.525
1566 4.995
1567 3.313
1568 3.812
1569 4.348
1570 5.068
1571 3.907
1572 4.748
1573 4.526
1574 4.153
1575 3.089
1576 2.649
1577 2.203
1578 2.587
1579 2.626
1580 4.042
1581 3.494
1582 4.849
1583 4.597
1584 2.922
1585 2.555
1586 3.065
1587 3.569
1588 4.336
1589 3.458
1590 2.161
1591 2.292
1592 3.084
1593 3.064
1594 4.032
1595 3.282
1596 2.595
1597 2.514
1598 2.721
1599 3.167
1600 4.859
1601 3.231
1602 4.727
1603 4.275
1604 6.121
1605 5.073
1606 4.697
1607 3.644
1608 4.426
1609 3.508
1610 2.67
1611 1.984
1612 3.162
1613 4.753
1614 4.338
1615 2.732
1616 2.591
1617 2.799
1618 3.179
1619 3.341
1620 2.659
1621 6.522
1622 3.397
1623 3.225
1624 4.763
1625 7.038
1626 4.043
1627 3.09
1628 5.516
1629 3.763
1630 3.462
1631 4.362
1632 4.401
1633 3.993
1634 3.274
1635 5.048
1636 3.354
1637 4.294
1638 4.63
1639 2.73
1640 4.269
1641 4.89
1642 3.586
1643 2.466
1644 4.546
1645 4.406
1646 3.387
1647 4.135
1648 4.022
1649 3.439
1650 2.897
1651 4.281
1652 3.654
1653 2.203
1654 3.969
1655 4.003
1656 3.809
1657 4.095
1658 2.693
1659 2.259
1660 3.612
1661 3.686
1662 3.27
1663 3.075
1664 2.172
1665 2.846
1666 3.355
1667 1.994
1668 2.518
1669 1.863
1670 4.519
1671 2.414
1672 3.68
1673 2.909
1674 2.572
1675 1.646
1676 3.226
1677 2.854
1678 2.486
1679 2.272
1680 3.669
1681 1.931
1682 5.075
1683 2.191
1684 2.905
1685 2.548
1686 2.242
1687 1.827
1688 1.722
1689 2.183
1690 2.049
1691 2.225
1692 4.343
1693 4.32
1694 3.384
1695 2.822
1696 1.846
1697 1.728
1698 2.666
1699 2.147
1700 1.177
1701 1.886
1702 2.375
1703 1.919
1704 4.106
1705 2.091
1706 3.624
1707 3.118
1708 2.781
1709 1.853
1710 3.567
1711 3.401
1712 2.538
1713 2.321
1714 2.481
1715 3.479
1716 2.541
1717 3.634
1718 2.525
1719 2.936
1720 2.568
1721 2.52
1722 2.469
1723 3.053
1724 4.422
1725 4.214
1726 3.775
1727 2.919
1728 3.234
1729 2.562
1730 3.261
1731 3.051
1732 4.503
1733 2.84
1734 2.73
1735 3.924
1736 3.941
1737 4.759
1738 2.989
1739 3.264
1740 4.201
1741 3.912
1742 2.69
1743 4.311
1744 3.09
1745 4.216
1746 5.355
1747 3.744
1748 2.218
1749 4.973
1750 4.093
1751 2.66
1752 3.038
1753 4.617
1754 4.532
1755 4.017
1756 4.06
1757 3.282
1758 3.722
1759 3.148
1760 3.809
1761 2.256
1762 2.223
1763 2.569
1764 3.515
1765 3.565
1766 3.739
1767 3.814
1768 3.764
1769 2.147
1770 3.932
1771 2.476
1772 3.592
1773 3.823
1774 3.778
1775 4.364
1776 3.251
1777 4.069
1778 4.566
1779 4.125
1780 4.379
1781 3.887
1782 3.721
1783 4.821
1784 2.932
1785 4.407
1786 2.69
1787 3.089
1788 3.93
1789 3.664
1790 3.351
1791 2.958
1792 3.981
1793 3.27
1794 4.72
1795 3.063
1796 3.407
1797 3.403
1798 2.185
1799 3.413
1800 3.577
1801 3.842
1802 2.513
1803 3.603
1804 3.487
1805 3.821
1806 2.526
1807 3.052
1808 2.993
1809 4.447
1810 4.681
1811 3.137
1812 3.454
1813 4.071
1814 2.464
1815 3.552
1816 3.656
1817 2.8
1818 3.185
1819 2.441
1820 3.358
1821 2.604
1822 3.831
1823 5.171
1824 3.383
1825 3.324
1826 3.784
1827 3.641
1828 2.109
1829 3.641
1830 4.054
1831 2.667
1832 3.386
1833 3.186
1834 2.807
1835 3.037
1836 2.873
1837 2.216
1838 2.836
1839 1.974
1840 4.425
1841 5.566
1842 3.363
1843 2.007
1844 3.474
1845 3.258
1846 3.684
1847 3.271
1848 2.201
1849 2.667
1850 2.006
1851 1.945
1852 2.123
1853 3.09
1854 3.158
1855 3.057
1856 2.173
1857 3.216
1858 2.945
1859 4.509
1860 2.956
1861 4.675
1862 2.407
1863 4.753
1864 3.075
1865 2.479
1866 2.193
1867 1.957
1868 1.874
1869 1.789
1870 3.073
1871 2.825
1872 2.446
1873 2.451
1874 2.385
1875 2.27
1876 3.058
1877 2.918
1878 2.222
1879 2.353
1880 3.699
1881 2.811
1882 1.213
1883 2.382
1884 3.29
1885 2.278
1886 2.905
1887 1.234
1888 2.393
1889 1.694
1890 3.512
1891 2.674
1892 3.303
1893 1.801
1894 1.589
1895 3.079
1896 2.21
1897 2.79
1898 2.32
1899 3.306
1900 3.189
1901 2.701
1902 1.217
1903 2.602
1904 2.039
1905 2.601
1906 2.643
1907 2.416
1908 1.966
1909 2.98
1910 4.374
1911 2.778
1912 2.021
1913 3.257
1914 1.985
1915 2.827
1916 2.421
1917 1.826
1918 4.658
1919 5.391
1920 5.17
1921 5.367
1922 4.777
1923 5.576
1924 5.185
1925 4.667
1926 5.055
1927 4.489
1928 3.523
1929 3.95
1930 4.894
1931 3.997
1932 3.759
1933 3.99
1934 4.571
1935 3.909
1936 3.882
1937 3.407
1938 3.62
1939 3.864
1940 3.54
1941 2.674
1942 4.647
1943 5.234
1944 4.898
1945 4.233
1946 2.714
1947 3.113
1948 4.451
1949 5.149
1950 5.709
1951 4.186
1952 3.651
1953 5.11
1954 4.372
1955 4.235
1956 6.063
1957 4.032
1958 2.693
1959 3.212
1960 3.339
1961 3.2
1962 2.719
1963 2.35
1964 3.581
1965 2.77
1966 3.75
1967 3.301
1968 3.61
1969 5.488
1970 5.615
1971 5.91
1972 4.573
1973 4.219
1974 3.465
1975 3.086
1976 2.287
1977 3.26
1978 3.694
1979 2.839
1980 3.687
1981 2.576
1982 5.659
1983 2.806
1984 3.556
1985 5.118
1986 3.054
1987 5.589
1988 6.292
1989 3.316
1990 3.243
1991 3.033
1992 3.392
1993 2.947
1994 4.266
1995 3.296
1996 4.501
1997 2.809
1998 6.391
1999 3.693
2000 3.506
2001 4.626
2002 3.866
2003 5.265
2004 2.948
2005 4.634
2006 4.386
2007 3.155
2008 7.652
2009 3.453
2010 4.166
2011 3.719
2012 2.958
2013 2.915
2014 3.955
2015 3.952
2016 3.542
2017 5.071
2018 3.474
2019 3.521
2020 3.478
2021 3.895
2022 2.789
2023 2.469
2024 2.694
2025 3.057
2026 2.951
2027 3.229
2028 2.674
2029 3.14
2030 3.097
2031 2.172
2032 3.112
2033 2.672
2034 2.523
2035 2.348
2036 4.437
2037 4.994
2038 3.288
2039 2.63
2040 1.862
2041 2.757
2042 1.261
2043 3.055
2044 2.805
2045 2.47
2046 5.779
2047 5.055
2048 4.81
2049 4.981
2050 3.537
2051 5.075
2052 4.829
2053 3.662
2054 2.413
2055 3.34
2056 6.395
2057 4.093
2058 4.921
2059 2.644
2060 3.68
2061 4.645
2062 3.083
2063 3.44
2064 6.426
2065 5.896
2066 4.84
2067 3.176
2068 3.382
2069 2.549
2070 4.972
2071 3.386
2072 2.64
2073 3.294
2074 4.63
2075 2.741
2076 4.831
2077 4.645
2078 3.156
2079 6.09
2080 3.808
2081 6.022
2082 3.341
2083 3.357
2084 6.781
2085 4.802
2086 3.015
2087 4.228
2088 4.42
2089 3.942
2090 3.809
2091 3.141
2092 3.573
2093 2.782
2094 3.671
2095 4.939
2096 4.987
2097 4.926
2098 5.143
2099 3.806
2100 3.084
2101 3.103
2102 3.184
2103 2.912
2104 2.84
2105 3.352
2106 3.96
2107 4.204
2108 4.053
2109 4.172
2110 3.518
2111 3.542
2112 3.028
2113 3.163
2114 5.972
2115 4.756
2116 4.499
2117 3.745
2118 2.89
2119 3.183
2120 4.772
2121 5.942
2122 3.08
2123 2.254
2124 3.433
2125 2.292
2126 5.243
2127 3.297
2128 4.993
2129 2.818
2130 3.213
2131 2.15
2132 4.921
2133 4.188
2134 5.373
2135 3.419
2136 3.109
2137 2.782
2138 1.9
2139 4.395
2140 4.149
2141 3.04
2142 3.18
2143 2.352
2144 1.76
2145 2.609
2146 3.909
2147 3.878
2148 4.109
2149 3.507
2150 2.363
2151 4.123
2152 3.818
2153 5.604
2154 3.474
2155 4.57
2156 4.544
2157 3.348
2158 2.896
2159 4.436
2160 4.263
2161 2.365
2162 4.1
2163 5.566
2164 3.262
2165 4.041
2166 3.777
2167 3.863
2168 5.856
2169 4.875
2170 6.574
2171 3.963
2172 4.193
2173 4.419
2174 5.409
2175 3.251
2176 3.516
2177 3.689
2178 2.029
2179 2.835
2180 2.458
2181 3.421
2182 3.928
2183 4.06
2184 2.768
2185 2.764
2186 2.596
2187 1.931
2188 3.572
2189 2.473
2190 3.917
2191 5.612
2192 3.325
2193 4.291
2194 2.676
2195 4.159
2196 3.851
2197 4.198
2198 5.477
2199 3.1
