# Paley(43) - v (n=42): margin-1, k=5, per-base-state search seconds
0 3.05
1 4.139
2 4.333
3 5.806
4 4.478
5 3.612
6 3.93
7 3.303
8 3.418
9 7.833
10 5.187
11 3.831
12 4.224
13 2.405
14 3.598
15 4.346
16 3.845
17 4.142
18 3.31
19 3.123
20 4.72
21 2.543
22 4.201
23 3.118
24 2.509
25 2.734
26 3.05
27 2.844
28 4.184
29 3.988
30 3.143
31 3.826
32 3.202
33 4.396
34 2.907
35 2.793
36 4.24
37 2.85
38 2.386
39 1.877
40 2.412
41 3.861
42 3.546
43 2.845
44 2.914
45 3.674
46 3.339
47 3.583
48 3.057
49 2.387
50 4.612
51 2.528
52 3.172
53 4.623
54 4.835
55 2.747
56 4.39
57 3.709
58 5.738
59 2.155
60 3.797
61 5.393
62 3.865
63 3.933
64 5.692
65 3.83
66 2.707
67 1.121
68 2.676
69 2.69
70 1.964
71 2.254
72 3.047
73 2.83
74 4.483
75 3.981
76 4.581
77 4.153
78 4.408
79 3.313
80 3.223
81 4.805
82 5.666
83 5.54
84 6.098
85 3.397
86 3.888
87 5.449
88 7.569
89 5.218
90 3.631
91 5.313
92 3.652
93 4.729
94 3.096
95 2.415
96 2.478
97 2.707
98 2.69
99 3.574
100 4.143
101 2.42
102 5.379
103 3.343
104 2.624
105 2.854
106 2.543
107 2.832
108 4.088
109 4.029
110 3.078
111 3.018
112 1.485
113 2.971
114 1.566
115 2.445
116 3.615
117 2.038
118 2.522
119 5.039
120 3.748
121 3.233
122 3.968
123 4.792
124 3.46
125 4.928
126 4.762
127 3.797
128 4.558
129 2.345
130 2.612
131 2.191
132 4.366
133 2.21
134 3.416
135 3.978
136 2.935
137 4.058
138 2.523
139 4.06
140 3.833
141 2.586
142 4.043
143 1.761
144 2.492
145 2.858
146 5.245
147 3.312
148 3.861
149 5.804
150 4.461
151 3.95
152 2.252
153 2.572
154 3.757
155 4.558
156 3.531
157 2.512
158 3.972
159 4.978
160 2.329
161 2.728
162 3.752
163 4.77
164 3.682
165 3.082
166 3.739
167 2.682
168 2.859
169 2.926
170 2.441
171 3.398
172 3.154
173 1.561
174 3.057
175 3.061
176 3.173
177 3.214
178 3.168
179 4.392
180 3.202
181 2.646
182 4.861
183 2.957
184 3.42
185 2.552
186 4.446
187 2.635
188 3.512
189 5.179
190 3.261
191 2.76
192 2.907
193 4.274
194 3.965
195 3.436
196 3.152
197 2.781
198 2.339
199 2.373
200 2.782
201 2.825
202 3.267
203 3.328
204 3.297
205 1.883
206 3.447
207 4.04
208 5.388
209 3.606
210 2.652
211 2.75
212 4.869
213 2.882
214 4.924
215 4.624
216 3.605
217 4.615
218 2.874
219 3.246
220 4.12
221 2.831
222 2.593
223 1.917
224 3.55
225 2.554
226 2.485
227 4.234
228 3.525
229 2.78
230 4.09
231 3.545
232 4.843
233 3.364
234 3.165
235 3.761
236 2.164
237 3.69
238 3.327
239 2.701
240 3.115
241 3.824
242 3.678
243 3.065
244 2.408
245 3.57
246 3.045
247 4.729
248 2.628
249 2.115
250 2.898
251 2.825
252 3.908
253 2.175
254 2.222
255 3.983
256 3.485
257 3.115
258 3.939
259 3.303
260 2.858
261 2.395
262 5.933
263 6.179
264 3.431
265 3.364
266 5.163
267 3.48
268 3.058
269 2.815
270 2.739
271 3.034
272 4.845
273 3.022
274 4.111
275 4.464
276 2.663
277 2.823
278 3.326
279 2.764
280 3.177
281 4.492
282 2.521
283 3.267
284 3.38
285 5.933
286 3.29
287 2.782
288 2.32
289 3.97
290 1.89
291 2.748
292 2.238
293 3.308
294 3.015
295 2.441
296 2.718
297 3.011
298 5.119
299 2.178
300 2.402
301 5.22
302 3.744
303 2.828
304 3.519
305 3.426
306 2.207
307 2.879
308 3.668
309 2.889
310 3.976
311 3.607
312 2.166
313 2.024
314 3.59
315 3.643
316 4.173
317 4.153
318 2.196
319 3.733
320 3.945
321 2.61
322 2.788
323 2.541
324 4.292
325 2.843
326 2.5
327 4.127
328 2.532
329 3.506
330 1.18
331 2.868
332 2.853
333 1.872
334 1.987
335 2.179
336 2.281
337 3.657
338 2.538
339 3.74
340 2.575
341 3.41
342 3.973
343 3.745
344 3.135
345 4.256
346 4.342
347 3.996
348 4.593
349 2.999
350 3.61
351 4.257
352 2.408
353 3.831
354 2.406
355 3.153
356 4.442
357 2.643
358 4.523
359 4.374
360 2.88
361 3.879
362 3.848
363 5.049
364 3.566
365 5.489
366 6.251
367 5.411
368 4.309
369 3.223
370 3.169
371 3.253
372 2.702
373 3.912
374 3.659
375 3.244
376 2.802
377 2.972
378 4.392
379 2.644
380 2.749
381 2.467
382 2.361
383 4.325
384 3.017
385 2.465
386 2.169
387 3.493
388 3.26
389 3.143
390 4.194
391 2.459
392 2.599
393 2.725
394 2.904
395 2.864
396 3.915
397 3.1
398 3.463
399 3.109
400 2.897
401 2.866
402 3.655
403 5.329
404 2.972
405 3.354
406 4.161
407 3.722
408 3.622
409 3.333
410 2.387
411 4.226
412 4.337
413 2.15
414 3.145
415 3.401
416 2.404
417 5.374
418 3.094
419 4.303
420 2.623
421 2.971
422 4.765
423 2.567
424 1.85
425 2.963
426 3.132
427 5.051
428 2.189
429 2.084
430 2.862
431 2.632
432 2.262
433 2.591
434 2.458
435 4.114
436 4.355
437 3.3
438 3.589
439 3.738
440 2.334
441 2.62
442 3.112
443 2.623
444 1.832
445 4.94
446 2.36
447 2.961
448 1.081
449 2.973
450 2.243
451 2.584
452 1.424
453 2.811
454 1.445
455 1.868
456 2.947
457 3.597
458 3.373
459 5.126
460 2.361
461 2.335
462 1.815
463 2.621
464 3.627
465 3.102
466 3.126
467 3.195
468 1.736
469 3.862
470 3.962
471 3.81
472 2.65
473 3.391
474 2.913
475 4.474
476 2.41
477 2.529
478 4.084
479 2.916
480 2.646
481 3.527
482 2.363
483 2.794
484 2.572
485 3.555
486 3.669
487 3.085
488 3.49
489 3.948
490 3.416
491 5.622
492 4.343
493 4.152
494 2.947
495 2.965
496 2.3
497 4.19
498 3.506
499 2.744
500 3.315
501 2.205
502 2.733
503 2.826
504 2.24
505 3.18
506 2.698
507 3.903
508 4.494
509 4.908
510 2.623
511 4.706
512 3.324
513 2.814
514 3.528
515 1.383
516 2.79
517 2.946
518 3.507
519 2.272
520 3.827
521 2.435
522 4.068
523 3.191
524 2.707
525 3.164
526 1.212
527 2.775
528 3.107
529 2.641
530 3.887
531 1.896
532 3.159
533 3.443
534 6.141
535 3.086
536 3.041
537 4.376
538 3.711
539 3.504
540 3.761
541 3.06
542 4.973
543 4.567
544 3.999
545 3.095
546 4.048
547 2.999
548 4.051
549 2.652
550 3.584
551 2.763
552 3.303
553 2.841
554 2.515
555 2.811
556 4.239
557 2.419
558 2.406
559 3.564
560 1.9
561 2.498
562 2.705
563 3.474
564 3.141
565 3.547
566 3.617
567 3.503
568 3.075
569 2.965
570 3.177
571 3.807
572 2.715
573 3.806
574 2.704
575 5.07
576 2.61
577 3.42
578 2.228
579 3.216
580 2.731
581 2.05
582 1.98
583 3.24
584 3.157
585 3.768
586 2.798
587 3.358
588 3.88
589 3.176
590 4.072
591 3.029
592 1.98
593 2.905
594 2.245
595 5.729
596 2.316
597 3.033
598 1.737
599 1.762
600 3.018
601 2.302
602 4.158
603 1.722
604 1.56
605 3.699
606 3.223
607 3.502
608 3.965
609 4.607
610 4.594
611 3.584
612 4.175
613 4.272
614 4.749
615 2.874
616 3.997
617 3.571
618 2.121
619 1.74
620 2.585
621 3.482
622 2.154
623 4.956
624 2.403
625 4.963
626 3.18
627 2.597
628 4.237
629 2.877
630 4.156
631 2.772
632 2.736
633 3.067
634 1.701
635 2.679
636 2.873
637 1.594
638 2.675
639 2.241
640 2.752
641 4.024
642 3.197
643 4.139
644 4.447
645 3.415
646 2.823
647 3.536
648 2.449
649 3.033
650 3.703
651 3.841
652 4.295
653 2.325
654 4.379
655 4.454
656 2.95
657 4.337
658 3.408
659 3.366
660 2.477
661 3.304
662 3.111
663 5.017
664 3.291
665 5.631
666 2.578
667 3.804
668 2.523
669 2.675
670 4.246
671 3.543
672 4.498
673 2.028
674 3.473
675 3.184
676 4.406
677 3.692
678 3.102
679 2.476
680 4.094
681 3.66
682 2.62
683 2.127
684 2.787
685 2.843
686 5.259
687 3.789
688 3.041
689 2.089
690 3.447
691 3.147
692 4.127
693 2.675
694 2.361
695 3.083
696 2.968
697 2.534
698 4.125
699 4.582
700 3.786
701 3.259
702 2.656
703 4.529
704 1.839
705 3.406
706 2.816
707 3.307
708 3.405
709 3.862
710 4.567
711 2.764
712 2.384
713 3.398
714 3.906
715 3.221
716 3.28
717 4.07
718 3.452
719 2.844
720 2.265
721 2.466
722 2.71
723 3.505
724 3.357
725 1.762
726 3.678
727 3.715
728 2.624
729 4.17
730 2.019
731 2.775
732 3.672
733 4.431
734 4.6
735 5.21
736 3.169
737 4.232
738 2.853
739 3.319
740 3.388
741 3.088
742 2.001
743 3.506
744 3.616
745 3.132
746 3.078
747 2.843
748 1.576
749 3.004
750 2.987
751 2.692
752 2.058
753 3.249
754 4.213
755 2.539
756 5.122
757 2.92
758 3.812
759 3.43
760 3.624
761 3.187
762 4.659
763 2.894
764 4.001
765 3.672
766 2.518
767 2.371
768 3.526
769 2.6
770 1.883
771 3.969
772 3.216
773 3.541
774 2.938
775 4.129
776 4.632
777 3.245
778 3.221
779 3.992
780 3.689
781 3.084
782 3.464
783 3.315
784 3.426
785 2.518
786 3.264
787 3.209
788 3.527
789 2.952
790 1.95
791 1.986
792 2.643
793 2.689
794 1.999
795 3.204
796 5.245
797 3.058
798 2.831
799 2.29
800 3.495
801 5.762
802 4.537
803 3.299
804 2.373
805 2.899
806 6.444
807 3.721
808 4.935
809 3.085
810 3.09
811 3.77
812 3.561
813 3.424
814 4.321
815 2.517
816 3.514
817 5.088
818 2.415
819 4.43
820 2.86
821 3.553
822 2.279
823 2.806
824 3.139
825 4.106
826 4.829
827 3.58
828 2.978
829 2.911
830 3.259
831 2.137
832 2.767
833 2.089
834 2.84
835 3.791
836 3.295
837 3.701
838 5.066
839 3.1
840 2.887
841 4.154
842 2.924
843 3.36
844 2.752
845 3.748
846 4.55
847 2.415
848 2.832
849 2.696
850 3.89
851 4.087
852 3.471
853 2.664
854 3.437
855 3.857
856 3.456
857 2.553
858 3.207
859 1.594
860 3.071
861 3.237
862 2.251
863 4.298
864 3.116
865 2.223
866 2.411
867 2.085
868 2.64
869 2.227
870 3.459
871 1.847
872 2.18
873 3.355
874 3.646
875 2.951
876 4.257
877 3.131
878 4.34
879 2.498
880 4.445
881 2.69
882 4.462
883 3.686
884 3.483
885 3.262
886 3.343
887 4.1
888 4.166
889 4.531
890 2.946
891 4.195
892 5.32
893 3.648
894 3.851
895 3.831
896 3.021
897 3.588
898 3.881
899 2.723
900 2.72
901 3.969
902 2.668
903 3.874
904 2.657
905 3.64
906 4.434
907 4.16
908 3.037
909 2.785
910 2.718
911 2.556
912 3.514
913 2.784
914 2.104
915 2.499
916 2.945
917 4.141
918 3.139
919 3.129
920 2.12
921 2.272
922 3.033
923 1.815
924 2.381
925 2.339
926 3.084
927 4.939
928 3.708
929 4.488
930 6.145
931 3.6
932 2.445
933 2.649
934 2.613
935 3.76
936 2.617
937 3.106
938 3.298
939 4.312
940 3.075
941 3.166
942 2.937
943 4.032
944 4.497
945 2.421
946 1.893
947 4.191
948 3.003
949 2.581
950 3.62
951 2.959
952 2.053
953 1.954
954 2.565
955 3.109
956 3.343
957 4.169
958 2.846
959 3.398
960 2.907
961 2.332
962 3.951
963 2.408
964 6.137
965 4.461
966 6.522
967 4.971
968 5.138
969 3.921
970 4.039
971 4.011
972 2.879
973 4.387
974 4.236
975 4.651
976 3.516
977 3.322
978 3.414
979 3.031
980 3.042
981 3.041
982 3.859
983 3.128
984 2.23
985 3.761
986 3.479
987 3.313
988 2.47
989 2.966
990 4.481
991 2.864
992 3.346
993 3.323
994 3.792
995 4.81
996 3.368
997 4.838
998 3.535
999 3.886
1000 3.829
1001 3.636
1002 4.217
1003 6.108
1004 4.496
1005 4.351
1006 2.748
1007 3.411
1008 3.259
1009 3.987
1010 3.771
1011 3.593
1012 3.758
1013 3.664
1014 4.023
1015 3.843
1016 3.136
1017 3.001
1018 3.112
1019 3.275
1020 3.986
1021 3.527
1022 3.557
1023 2.44
1024 2.455
1025 2.681
1026 2.191
1027 3.238
1028 4.667
1029 3.355
1030 3.465
1031 2.881
1032 4.571
1033 3.274
1034 3.34
1035 3.98
1036 5.493
1037 5.86
1038 3.843
1039 3.02
1040 3.585
1041 2.315
1042 2.59
1043 3.165
1044 3.485
1045 3.348
1046 3.087
1047 3.053
1048 2.029
1049 5.125
1050 2.156
1051 2.153
1052 3.184
1053 3.137
1054 3.745
1055 5.009
1056 2.404
1057 2.767
1058 3.716
1059 2.093
1060 3.336
1061 2.796
1062 2.476
1063 1.929
1064 2.704
1065 3.355
1066 1.749
1067 3.494
1068 1.932
1069 3.226
1070 1.886
1071 2.594
1072 4.103
1073 1.972
1074 2.906
1075 1.488
1076 3.2
1077 2.425
1078 3.429
1079 3.316
1080 2.115
1081 4.025
1082 3.534
1083 2.229
1084 1.987
1085 4.75
1086 4.28
1087 4.971
1088 4.332
1089 3.465
1090 2.262
1091 2.463
1092 2.46
1093 3.979
1094 3.232
1095 4.725
1096 3.284
1097 2.96
1098 2.213
1099 2.528
1100 2.753
1101 2.238
1102 3.327
1103 2.329
1104 3.25
1105 3.001
1106 2.996
1107 2.44
1108 2.086
1109 2.113
1110 2.098
1111 3.13
1112 3.248
1113 2.754
1114 2.84
1115 2.919
1116 3.743
1117 2.811
1118 2.271
1119 2.402
1120 1.975
1121 4.988
1122 3.929
1123 2.149
1124 2.28
1125 3.941
1126 4.371
1127 2.578
1128 2.832
1129 2.609
1130 3.399
1131 3.98
1132 3.744
1133 2.969
1134 3.826
1135 3.555
1136 2.79
1137 2.322
1138 5.209
1139 4.009
1140 4.139
1141 5.985
1142 3.965
1143 3.51
1144 3.426
1145 3.849
1146 3.136
1147 4.729
1148 2.836
1149 5.193
1150 4.949
1151 4.343
1152 4.641
1153 3.301
1154 2.786
1155 3.298
1156 4.8
1157 3.956
1158 3.462
1159 2.39
1160 4.279
1161 4.053
1162 2.701
1163 2.056
1164 2.817
1165 2.55
1166 2.324
1167 2.552
1168 3.603
1169 3.731
1170 3.347
1171 3.46
1172 2.656
1173 3.361
1174 2.505
1175 2.585
1176 3.812
1177 3.446
1178 2.912
1179 1.982
1180 3.834
1181 4.68
1182 3.92
1183 3.882
1184 4.417
1185 3.579
1186 3.318
1187 4.187
1188 5.018
1189 3.809
1190 2.361
1191 3.798
1192 3.14
1193 2.627
1194 3.815
1195 4.032
1196 3.09
1197 3.304
1198 5.232
1199 3.96
1200 3.583
1201 2.803
1202 3.814
1203 4.035
1204 4.619
1205 4.266
1206 3.818
1207 3.594
1208 3.006
1209 3.51
1210 4.036
1211 2.425
1212 3.256
1213 2.523
1214 2.897
1215 2.726
1216 3.649
1217 3.368
1218 3.137
1219 4.085
1220 2.018
1221 5.095
1222 3.504
1223 2.659
1224 2.2
1225 4.163
1226 3.638
1227 2.347
1228 3.056
1229 3.211
1230 3.395
1231 3.683
1232 3.75
1233 3.759
1234 4.297
1235 3.05
1236 3.868
1237 2.079
1238 2.383
1239 2.341
1240 2.539
1241 4.015
1242 3.642
1243 1.917
1244 2.052
1245 2.963
1246 2.833
1247 2.528
1248 2.681
1249 2.02
1250 2.58
1251 2.639
1252 4.164
1253 4.173
1254 2.861
1255 1.967
1256 1.866
1257 2.013
1258 2.139
1259 2.165
1260 2.104
1261 2.094
1262 2.935
1263 1.533
1264 1.686
1265 2.796
1266 3.311
1267 3.04
1268 3.078
1269 3.303
1270 2.793
1271 1.498
1272 3.681
1273 3.355
1274 1.8
1275 2.343
1276 2.357
1277 1.891
1278 2.684
1279 1.821
1280 3.564
1281 1.108
1282 1.823
1283 1.473
1284 2.864
1285 2.797
1286 2.031
1287 2.435
1288 2.662
1289 3.246
1290 3.544
1291 5.319
1292 5.415
1293 3.147
1294 2.753
1295 2.563
1296 3.777
1297 2.853
1298 4.238
1299 2.894
1300 3.318
1301 2.451
1302 3.596
1303 3.633
1304 3.292
1305 3.662
1306 1.884
1307 3.56
1308 2.544
1309 3.422
1310 3.02
1311 4.074
1312 4.285
1313 2.579
1314 3.933
1315 3.36
1316 3.288
1317 1.222
1318 3.025
1319 3.121
1320 4.859
1321 3.22
1322 4.357
1323 5.34
1324 3.686
1325 5.012
1326 2.45
1327 3.053
1328 3.41
1329 3.479
1330 4.096
1331 3.015
1332 3.388
1333 3.997
1334 4.319
1335 5.201
1336 3.213
1337 4.35
1338 3.075
1339 3.295
1340 2.333
1341 5.754
1342 3.321
1343 3.43
1344 2.966
1345 3.576
1346 2.865
1347 2.698
1348 2.805
1349 3.404
1350 3.017
1351 3.06
1352 3.122
1353 2.194
1354 3.066
1355 2.466
1356 3.157
1357 3.742
1358 4.989
1359 3.493
1360 5.076
1361 2.577
1362 2.747
1363 2.511
1364 2.286
1365 3.487
1366 4.154
1367 4.478
1368 3.246
1369 3.772
1370 3.027
1371 3.14
1372 3.501
1373 3.674
1374 3.498
1375 3.223
1376 4.545
1377 3.228
1378 3.789
1379 4.566
1380 3.849
1381 4.554
1382 4.254
1383 4.387
1384 5.061
1385 3.957
1386 4.836
1387 2.629
1388 4.196
1389 3.697
1390 2.972
1391 5.355
1392 4.161
1393 3.976
1394 3.717
1395 2.809
1396 3.515
1397 3.582
1398 2.518
1399 2.964
1400 1.506
1401 2.559
1402 2.192
1403 4.508
1404 2.247
1405 3.794
1406 4.767
1407 2.605
1408 2.78
1409 2.534
1410 4.478
1411 4.409
1412 3.623
1413 3.363
1414 3.431
1415 4.429
1416 3.152
1417 4.602
1418 4.156
1419 3.466
1420 3.41
1421 2.625
1422 3.513
1423 3.236
1424 3.419
1425 4.123
1426 3.446
1427 3.471
1428 3.42
1429 2.654
1430 2.838
1431 2.736
1432 1.958
1433 1.422
1434 3.309
1435 3.137
1436 1.292
1437 3.103
1438 4.141
1439 2.843
1440 3.285
1441 3.284
1442 4.662
1443 3.445
1444 4.41
1445 3.165
1446 3.623
1447 4.568
1448 3.7
1449 4.215
1450 3.472
1451 4.617
1452 4.596
1453 5.315
1454 2.978
1455 5.097
1456 3.067
1457 3.134
1458 2.88
1459 6.1
1460 3.692
1461 4.951
1462 4.611
1463 2.581
1464 3.712
1465 5.9
1466 4.005
1467 4.451
1468 3.443
1469 4.875
1470 4.297
1471 3.041
1472 3.23
1473 3.386
1474 3.124
1475 3.644
1476 5.027
1477 4.586
1478 6.133
1479 3.7
1480 4.305
1481 2.793
1482 3.834
1483 4.12
1484 3.366
1485 5.491
1486 3.417
1487 2.729
1488 5.836
1489 3.328
1490 5.383
1491 3.145
1492 2.421
1493 2.562
1494 4.081
1495 3.161
1496 2.748
1497 2.443
1498 3.43
1499 3.072
1500 4.669
1501 3.813
1502 5.09
1503 4.009
1504 3.791
1505 2.968
1506 4.206
1507 4.69
1508 4.013
1509 4.504
1510 2.609
1511 3.566
1512 4.724
1513 3.517
1514 3.939
1515 4.933
1516 2.038
1517 1.491
1518 5.472
1519 2.869
1520 4.353
1521 4.857
1522 3.913
1523 3.904
1524 4.94
1525 4.004
1526 5.653
1527 3.733
1528 4.028
1529 4.961
1530 3.298
1531 3.976
1532 4.482
1533 2.78
1534 2.804
1535 2.971
1536 4.926
1537 4.956
1538 6.018
1539 4.68
1540 3.611
1541 3.205
1542 3.918
1543 4.969
1544 5.226
1545 3.586
1546 3.329
1547 3.729
1548 3.821
1549 5.219
1550 3.744
1551 3.324
1552 2.928
1553 3.19
1554 2.626
1555 2.66
1556 2.816
1557 3.316
1558 3.527
1559 3.214
1560 3.039
1561 4.687
1562 4.025
1563 3.288
1564 3.468
1565 4.101
1566 4.575
1567 3.059
1568 4.256
1569 3.981
1570 2.996
1571 2.985
1572 3.229
1573 3.664
1574 2.643
1575 3.169
1576 5.543
1577 3.094
1578 2.905
1579 4.619
1580 4.565
1581 4.595
1582 4.773
1583 3.528
1584 2.707
1585 2.546
1586 3.027
1587 2.983
1588 3.435
1589 3.978
1590 3.152
1591 3.038
1592 3.618
1593 5.37
1594 3.757
1595 3.363
1596 4.031
1597 3.002
1598 2.572
1599 4.375
1600 3.342
1601 4.421
1602 3.296
1603 2.754
1604 2.344
1605 4.086
1606 4.184
1607 2.994
1608 4.636
1609 4.21
1610 2.444
1611 3.527
1612 2.859
1613 5.1
1614 2.684
1615 3.61
1616 3.601
1617 3.378
1618 3.418
1619 1.956
1620 2.097
1621 2.539
1622 3.195
1623 3.194
1624 3.057
1625 4.607
1626 4.056
1627 2.022
1628 3.361
1629 3.224
1630 3.082
1631 2.858
1632 1.87
1633 2.582
1634 3.654
1635 3.121
1636 3.539
1637 4.978
1638 4.396
1639 2.945
1640 4.813
1641 3.723
1642 5.213
1643 3.0
1644 3.829
1645 3.643
1646 3.556
1647 4.209
1648 3.801
1649 5.063
1650 3.808
1651 2.776
1652 2.738
1653 4.6
1654 3.549
1655 3.498
1656 2.969
1657 3.007
1658 5.661
1659 2.209
1660 2.759
1661 2.716
1662 3.224
1663 4.148
1664 3.465
1665 2.677
1666 4.861
1667 2.678
1668 2.53
1669 1.938
1670 2.565
1671 3.056
1672 2.854
1673 2.384
1674 2.49
1675 3.841
1676 3.084
1677 2.47
1678 2.757
1679 3.08
1680 2.753
1681 2.973
1682 3.861
1683 2.982
1684 2.572
1685 2.998
1686 3.267
1687 3.763
1688 2.844
1689 2.42
1690 2.672
1691 2.698
1692 1.839
1693 2.064
1694 2.884
1695 3.189
1696 3.1
1697 4.186
1698 1.375
1699 2.963
1700 3.38
1701 2.939
1702 2.226
1703 3.518
1704 2.692
1705 2.229
1706 3.423
1707 5.137
1708 2.211
1709 2.543
1710 1.956
1711 3.077
1712 3.581
1713 3.578
1714 3.045
1715 2.688
1716 1.462
1717 2.871
1718 2.842
1719 2.951
1720 3.279
1721 1.777
1722 3.667
1723 2.55
1724 2.624
1725 2.878
1726 2.39
1727 1.673
1728 2.347
1729 4.22
1730 3.796
1731 2.369
1732 3.059
1733 1.754
1734 2.0
1735 3.243
1736 2.571
1737 0.726
1738 2.272
1739 2.375
1740 3.736
1741 2.68
1742 0.769
1743 3.441
1744 2.203
1745 2.948
1746 0.935
1747 2.225
1748 2.384
1749 2.108
1750 2.211
1751 1.64
1752 2.419
1753 3.687
1754 4.372
1755 1.744
1756 3.616
1757 2.17
1758 2.769
1759 3.888
1760 1.946
1761 2.002
1762 2.561
1763 3.517
1764 2.427
1765 3.107
1766 4.183
1767 2.289
1768 3.065
1769 4.055
1770 5.982
1771 5.346
1772 4.966
1773 3.029
1774 3.224
1775 2.857
1776 5.059
1777 5.282
1778 3.198
1779 2.826
1780 3.369
1781 2.386
1782 4.404
1783 5.295
1784 3.411
1785 3.408
1786 2.415
1787 2.516
1788 3.758
1789 2.041
1790 3.247
1791 3.693
1792 3.963
1793 4.481
1794 3.216
1795 5.039
1796 2.717
1797 3.962
1798 3.481
1799 3.405
1800 4.504
1801 3.713
1802 4.279
1803 4.425
1804 3.096
1805 4.312
1806 2.354
1807 3.532
1808 2.782
1809 3.23
1810 2.928
1811 2.942
1812 4.011
1813 4.209
1814 3.966
1815 2.141
1816 2.985
1817 2.369
1818 3.564
1819 3.737
1820 4.526
1821 3.477
1822 3.322
1823 1.704
1824 2.938
1825 3.621
1826 4.761
1827 3.657
1828 4.435
1829 3.567
1830 3.899
1831 3.852
1832 2.498
1833 4.396
1834 3.698
1835 4.267
1836 2.629
1837 3.628
1838 2.93
1839 1.83
1840 3.214
1841 2.211
1842 4.381
1843 3.505
1844 4.033
1845 2.564
1846 4.201
1847 3.228
1848 3.809
1849 3.801
1850 3.532
1851 2.633
1852 3.302
1853 3.529
1854 3.385
1855 3.549
1856 3.284
1857 3.079
1858 3.401
1859 4.1
1860 4.25
1861 2.948
1862 4.846
1863 3.75
1864 2.846
1865 3.543
1866 2.868
1867 3.223
1868 3.425
1869 2.113
1870 3.419
1871 2.749
1872 3.626
1873 3.695
1874 2.537
1875 1.959
1876 2.07
1877 4.482
1878 3.849
1879 4.527
1880 2.917
1881 5.744
1882 2.453
1883 3.303
1884 2.81
1885 4.86
1886 1.963
1887 2.162
1888 2.913
1889 2.279
1890 3.613
1891 3.644
1892 3.53
1893 3.392
1894 2.522
1895 2.049
1896 2.814
1897 3.245
1898 1.836
1899 2.034
1900 1.73
1901 4.293
1902 5.054
1903 2.338
1904 2.622
1905 2.249
1906 2.986
1907 2.642
1908 2.481
1909 2.773
1910 2.772
1911 1.943
1912 1.945
1913 2.429
1914 1.842
1915 1.77
1916 3.48
1917 2.804
1918 3.628
1919 2.912
1920 2.877
1921 1.755
1922 2.775
1923 3.5
1924 2.321
1925 6.203
1926 5.877
1927 2.732
1928 5.741
1929 2.908
1930 4.209
1931 3.593
1932 6.446
1933 5.145
1934 5.24
1935 4.492
1936 4.042
1937 4.37
1938 6.249
1939 6.017
1940 4.917
1941 5.079
1942 6.205
1943 5.975
1944 3.671
1945 4.032
1946 3.171
1947 3.964
1948 3.917
1949 2.933
1950 3.726
1951 2.548
1952 4.886
1953 2.294
1954 3.676
1955 2.446
1956 5.144
1957 3.132
1958 3.556
1959 3.437
1960 4.392
1961 4.063
1962 3.121
1963 5.022
1964 2.863
1965 4.771
1966 3.827
1967 2.223
1968 2.818
1969 3.565
1970 3.662
1971 4.148
1972 3.166
1973 3.053
1974 6.159
1975 3.062
1976 2.186
1977 4.682
1978 5.13
1979 2.446
1980 3.14
1981 2.826
1982 5.095
1983 3.215
1984 4.114
1985 3.501
1986 5.667
1987 3.286
1988 2.489
1989 3.097
1990 3.455
1991 3.584
1992 4.669
1993 3.725
1994 3.067
1995 3.22
1996 3.298
1997 4.033
1998 4.173
1999 4.727
2000 3.75
2001 5.395
2002 4.191
2003 7.607
2004 4.499
2005 3.18
2006 5.098
2007 3.049
2008 3.787
2009 4.036
2010 2.196
2011 2.852
2012 2.178
2013 3.82
2014 2.776
2015 3.342
2016 4.428
2017 2.117
2018 3.521
2019 3.38
2020 5.08
2021 3.888
2022 6.377
2023 4.273
2024 4.682
2025 3.151
2026 2.623
2027 4.549
2028 4.433
2029 4.583
2030 3.151
2031 3.439
2032 2.882
2033 4.023
2034 3.115
2035 3.942
2036 4.106
2037 4.556
2038 4.951
2039 2.452
2040 4.255
2041 3.737
2042 3.928
2043 4.395
2044 4.679
2045 4.192
2046 4.439
2047 3.498
2048 2.284
2049 3.956
2050 2.979
2051 3.587
2052 4.741
2053 2.366
2054 3.008
2055 3.878
2056 2.765
2057 3.228
2058 5.056
2059 2.882
2060 3.798
2061 5.263
2062 3.156
2063 2.784
2064 4.894
2065 4.846
2066 3.251
2067 5.988
2068 3.885
2069 3.84
2070 3.882
2071 4.02
2072 3.569
2073 3.337
2074 4.161
2075 3.486
2076 5.216
2077 3.158
2078 2.997
2079 3.186
2080 3.189
2081 3.195
2082 3.597
2083 2.042
2084 3.47
2085 3.206
2086 3.079
2087 2.679
2088 1.991
2089 3.244
2090 4.307
2091 3.068
2092 2.332
2093 3.812
2094 2.66
2095 3.39
2096 5.431
2097 4.123
2098 2.84
2099 2.481
2100 3.934
2101 4.155
2102 2.849
2103 3.065
2104 3.558
2105 2.905
2106 2.004
2107 3.301
2108 2.077
2109 4.208
2110 3.565
2111 2.753
2112 2.513
2113 3.431
2114 2.222
2115 3.116
2116 4.307
2117 2.296
2118 1.065
2119 2.11
2120 2.149
2121 4.241
2122 4.411
2123 4.274
2124 3.771
2125 4.723
2126 2.786
2127 3.085
2128 2.861
2129 3.347
2130 2.725
2131 2.375
2132 1.625
2133 4.021
2134 2.755
2135 2.533
2136 2.565
2137 3.801
2138 2.871
2139 3.431
2140 2.964
2141 4.509
2142 2.998
2143 3.879
2144 2.93
2145 3.347
2146 2.908
2147 3.454
2148 2.22
2149 2.442
2150 2.951
2151 2.473
2152 3.12
2153 3.279
2154 2.763
2155 4.245
2156 3.233
2157 2.67
2158 2.82
2159 3.955
2160 3.03
2161 1.897
2162 2.491
2163 2.73
2164 2.989
2165 3.261
2166 4.121
2167 4.411
2168 3.078
2169 3.654
2170 2.714
2171 5.207
2172 4.033
2173 4.293
2174 7.329
2175 4.614
2176 4.268
2177 4.748
2178 2.398
2179 1.907
2180 3.546
2181 2.896
2182 3.935
2183 1.982
2184 3.304
2185 4.035
2186 3.253
2187 4.102
2188 3.555
2189 2.68
2190 3.729
2191 2.429
2192 4.562
2193 2.629
2194 2.594
2195 3.691
2196 2.096
2197 1.994
2198 3.785
2199 3.324
