0000000000111111111111111111111111111111111111111111111
1000000000111111110111111111111111111111111111111111111
1000000000111111100111111111111111111111111111111111111
1100000000111111100111111101111111111111111111111111111
1000000000111111000111111111111111111111111111111111111
1100000000111111000111111101111111111111111111111111111
1100000000111111100111111001111111111111111111111111111
1100000000111111000111111001111111111111111111111111111
1110000000111111000111111001111110111111111111111111111
1000000000111110000111111111111111111111111111111111111
1100000000111110000111111101111111111111111111111111111
1100000000111110000111111001111111111111111111111111111
1100000000111111000111110001111111111111111111111111111
1110000000111110000111111001111110111111111111111111111
1110000000111111000111110001111110111111111111111111111
1110000000111111000111111001111100111111111111111111111
1100000000111110000111110001111111111111111111111111111
1110000000111110000111110001111110111111111111111111111
1110000000111110000111111001111100111111111111111111111
1110000000111111000111110001111100111111111111111111111
1110000000111110000111110001111100111111111111111111111
1111000000111110000111110001111100111110111111111111111
1110000000111111100111111001111100111111111111111111111
1111000000111111000111111001111100111110111111111111111
1111000000111111000111110001111100111110111111111111111
1000000000111100000111111111111111111111111111111111111
1100000000111100000111111101111111111111111111111111111
1100000000111100000111111001111111111111111111111111111
1110000000111100000111111001111110111111111111111111111
1110000000111111000111110001111111111111111111111111111
1110000000111110000111111001111111111111111111111111111
1110000000111110000111111101111110111111111111111111111
1111000000111111000111110001111110111110111111111111111
1000000000111000000111111111111111111111111111111111111
1100000000111000000111111101111111111111111111111111111
1100000000111100000111110001111111111111111111111111111
1100000000111110000111100001111111111111111111111111111
1110000000111111000111110001111000111111111111111111111
1110000000111100000111110001111110111111111111111111111
1110000000111110000111100001111110111111111111111111111
1110000000111100000111111001111100111111111111111111111
1111000000111110000111111001111110111110111111111111111
1100000000111100000111100001111111111111111111111111111
1110000000111100000111100001111110111111111111111111111
1111000000111111000111110001111100111111111111111111111
1111000000111110000111111001111100111111111111111111111
1111000000111110000111110001111110111111111111111111111
1000000000110000000111111111111111111111111111111111111
1100000000111000000111111001111111111111111111111111111
1100000000111000000111110001111111111111111111111111111
1110000000111100000111110001111100111111111111111111111
1110000000111110000111100001111100111111111111111111111
1110000000111110000111110001111000111111111111111111111
1111000000111111000111110001111100111100111111111111111
1111000000111110000111111001111100111110111111111111111
1100000000111100000111000001111111111111111111111111111
1100000000111000000111100001111111111111111111111111111
1110000000111110000111100001111111111111111111111111111
1110000000111100000111110001111111111111111111111111111
1100000000111000000111000001111111111111111111111111111
1110000000111100000111110001111000111111111111111111111
1110000000111100000111100001111100111111111111111111111
1110000000111110000111100001111000111111111111111111111
1111000000111110000111110001111110111110111111111111111
1110000000111100000111100001111000111111111111111111111
1111000000111110000111110001111100111111111111111111111
1000000000100000000111111111111111111111111111111111111
1100000000110000000111111101111111111111111111111111111
1100000000110000000111111001111111111111111111111111111
1110000000111000000111111001111110111111111111111111111
1100000000110000000111110001111111111111111111111111111
1110000000111000000111110001111100111111111111111111111
1100000000110000000111100001111111111111111111111111111
1110000000111100000111000001111110111111111111111111111
1110000000111000000111100001111110111111111111111111111
1100000000111000000110000001111111111111111111111111111
1100000000110000000111000001111111111111111111111111111
1111000000111111000111110001111000111100111111111111111
1110000000111100000111100001110000111111111111111111111
1110000000111100000111000001111000111111111111111111111
1110000000111000000111100001111000111111111111111111111
1100000000110000000110000001111111111111111111111111111
1110000000111000000111000001111110111111111111111111111
1110000000111000000111000001111100111111111111111111111
1110000000111100000111000001110000111111111111111111111
1110000000111000000111100001110000111111111111111111111
1110000000111000000111000001111000111111111111111111111
1110000000111000000111000001110000111111111111111111111
1111000000111100000111100001111000111110111111111111111
1111000000111100000111100001111100111100111111111111111
1111000000111100000111110001111000111100111111111111111
1111000000111110000111100001111000111100111111111111111
1111000000111100000111100001111000111100111111111111111
1111100000111110000111110001111100111110111111111111111
