000000000001111111111111111111111111111111111111111111111111111111
100000000001111111110111111111111111111111111111111111111111111111
100000000001111111100111111111111111111111111111111111111111111111
110000000001111111100111111110111111111111111111111111111111111111
100000000001111111000111111111111111111111111111111111111111111111
110000000001111111000111111110111111111111111111111111111111111111
110000000001111111100111111100111111111111111111111111111111111111
110000000001111111000111111100111111111111111111111111111111111111
111000000001111111000111111100111111101111111111111111111111111111
100000000001111110000111111111111111111111111111111111111111111111
110000000001111110000111111110111111111111111111111111111111111111
110000000001111110000111111100111111111111111111111111111111111111
110000000001111111000111111000111111111111111111111111111111111111
111000000001111110000111111100111111101111111111111111111111111111
111000000001111111000111111000111111101111111111111111111111111111
111000000001111111000111111100111111001111111111111111111111111111
110000000001111110000111111000111111111111111111111111111111111111
111000000001111110000111111000111111101111111111111111111111111111
111000000001111110000111111100111111001111111111111111111111111111
111000000001111111000111111000111111001111111111111111111111111111
111000000001111110000111111000111111001111111111111111111111111111
111100000001111110000111111000111111001111110111111111111111111111
111000000001111110000111111110111111101111111111111111111111111111
111000000001111111100111111100111111001111111111111111111111111111
111100000001111111000111111100111111101111110111111111111111111111
111100000001111111000111111000111111101111110111111111111111111111
111100000001111110000111111100111111101111110111111111111111111111
111100000001111111000111111100111111001111110111111111111111111111
111100000001111110000111111000111111001111111111111111111111111111
111100000001111110000111111000111111101111110111111111111111111111
111100000001111110000111111100111111001111110111111111111111111111
111100000001111111000111111000111111001111110111111111111111111111
100000000001111100000111111111111111111111111111111111111111111111
110000000001111100000111111110111111111111111111111111111111111111
110000000001111100000111111100111111111111111111111111111111111111
111000000001111100000111111100111111101111111111111111111111111111
110000000001111110000111110000111111111111111111111111111111111111
110000000001111100000111111000111111111111111111111111111111111111
111000000001111110000111110000111111101111111111111111111111111111
111000000001111100000111111000111111101111111111111111111111111111
111000000001111111000111111000111110001111111111111111111111111111
111000000001111100000111111100111111001111111111111111111111111111
111000000001111110000111111000111110001111111111111111111111111111
111000000001111110000111110000111111001111111111111111111111111111
111000000001111100000111111000111111001111111111111111111111111111
111100000001111110000111111000111111001111100111111111111111111111
111100000001111110000111111000111110001111110111111111111111111111
111100000001111110000111110000111111001111110111111111111111111111
111100000001111100000111111000111111001111110111111111111111111111
100000000001111000000111111111111111111111111111111111111111111111
110000000001111000000111111110111111111111111111111111111111111111
110000000001111000000111111100111111111111111111111111111111111111
111000000001111000000111111100111111101111111111111111111111111111
111000000001111100000111111110111111101111111111111111111111111111
111100000001111111000111111000111111001111100111111111111111111111
111100000001111111000111111000111110001111110111111111111111111111
110000000001111100000111110000111111111111111111111111111111111111
111000000001111100000111110000111111101111111111111111111111111111
111000000001111110000111110000111110001111111111111111111111111111
111000000001111100000111111000111110001111111111111111111111111111
111000000001111100000111110000111111001111111111111111111111111111
111100000001111110000111111000111110001111100111111111111111111111
111100000001111110000111110000111111001111100111111111111111111111
111100000001111110000111110000111110001111110111111111111111111111
111100000001111100000111111000111111001111100111111111111111111111
111100000001111100000111111000111110001111110111111111111111111111
111100000001111100000111110000111111001111110111111111111111111111
100000000001110000000111111111111111111111111111111111111111111111
110000000001110000000111111110111111111111111111111111111111111111
110000000001111000000111111000111111111111111111111111111111111111
111000000001111000000111111000111111101111111111111111111111111111
111000000001111000000111111100111111001111111111111111111111111111
111100000001111100000111111100111111101111110111111111111111111111
111100000001111110000111111100111111001111100111111111111111111111
110000000001111100000111100000111111111111111111111111111111111111
110000000001111000000111110000111111111111111111111111111111111111
111000000001111100000111100000111111101111111111111111111111111111
111000000001111000000111110000111111101111111111111111111111111111
110000000001111000000111100000111111111111111111111111111111111111
111000000001111000000111100000111111101111111111111111111111111111
111100000001111111000111111000111110001111100111111111111111111111
111000000001111100000111110000111110001111111111111111111111111111
111100000001111110000111110000111110001111100111111111111111111111
111100000001111100000111111000111110001111100111111111111111111111
111100000001111100000111110000111111001111100111111111111111111111
111100000001111100000111110000111110001111110111111111111111111111
100000000001100000000111111111111111111111111111111111111111111111
110000000001110000000111111100111111111111111111111111111111111111
110000000001110000000111111000111111111111111111111111111111111111
111000000001111000000111111000111111001111111111111111111111111111
111100000001111100000111111000111111001111111111111111111111111111
111100000001111110000111110000111111001111111111111111111111111111
111100000001111110000111111000111110001111111111111111111111111111
111100000001111100000111111000111111101111110111111111111111111111
111100000001111110000111110000111111101111110111111111111111111111
111100000001111100000111111100111111001111110111111111111111111111
110000000001110000000111110000111111111111111111111111111111111111
111000000001111100000111100000111111001111111111111111111111111111
111000000001111000000111111000111110001111111111111111111111111111
111000000001111000000111110000111111001111111111111111111111111111
111000000001111110000111110000111100001111111111111111111111111111
110000000001111000000111000000111111111111111111111111111111111111
110000000001110000000111100000111111111111111111111111111111111111
111100000001111100000111111100111111001111100111111111111111111111
111000000001111100000111110000111100001111111111111111111111111111
111000000001111100000111100000111110001111111111111111111111111111
111000000001111000000111110000111110001111111111111111111111111111
110000000001110000000111000000111111111111111111111111111111111111
111000000001111000000111100000111111001111111111111111111111111111
111100000001111100000111110000111111001111111111111111111111111111
111100000001111100000111111000111110001111111111111111111111111111
111100000001111110000111110000111110001111111111111111111111111111
111100000001111100000111110000111111101111110111111111111111111111
111000000001111000000111110000111100001111111111111111111111111111
111000000001111100000111100000111100001111111111111111111111111111
111000000001111000000111100000111110001111111111111111111111111111
111000000001111000000111100000111100001111111111111111111111111111
111100000001111100000111110000111110001111111111111111111111111111
111100000001111100000111110000111110001111100111111111111111111111
111110000001111100000111110000111111001111100111110111111111111111
100000000001000000000111111111111111111111111111111111111111111111
110000000001100000000111111110111111111111111111111111111111111111
110000000001100000000111111100111111111111111111111111111111111111
111000000001110000000111111100111111101111111111111111111111111111
110000000001100000000111111000111111111111111111111111111111111111
111000000001110000000111111000111111001111111111111111111111111111
111000000001110000000111111000111111101111111111111111111111111111
111000000001110000000111111100111111001111111111111111111111111111
111100000001111000000111111100111111101111110111111111111111111111
111100000001111000000111111000111111101111110111111111111111111111
111100000001111000000111111100111111001111110111111111111111111111
110000000001100000000111110000111111111111111111111111111111111111
111000000001110000000111111000111110001111111111111111111111111111
111000000001110000000111110000111111001111111111111111111111111111
110000000001100000000111100000111111111111111111111111111111111111
111000000001111000000111000000111111101111111111111111111111111111
111000000001110000000111100000111111101111111111111111111111111111
111000000001110000000111110000111111101111111111111111111111111111
111000000001110000000111110000111110001111111111111111111111111111
110000000001110000000110000000111111111111111111111111111111111111
110000000001100000000111000000111111111111111111111111111111111111
111100000001111000000111110000111111101111110111111111111111111111
111100000001111111000111111000111110001111000111111111111111111111
111000000001111000000111100000111000001111111111111111111111111111
111000000001111000000111000000111100001111111111111111111111111111
111000000001110000000111100000111100001111111111111111111111111111
111110000001111100000111111000111111001111100111110111111111111111
110000000001100000000110000000111111111111111111111111111111111111
111000000001110000000111000000111111101111111111111111111111111111
111000000001110000000111000000111111001111111111111111111111111111
111000000001110000000111100000111111001111111111111111111111111111
111100000001111000000111100000111111101111110111111111111111111111
111100000001111000000111100000111111001111110111111111111111111111
111000000001110000000111000000111110001111111111111111111111111111
111100000001111000000111100000111111001111100111111111111111111111
111100000001111000000111111000111110001111000111111111111111111111
111110000001111110000111110000111111001111100111110111111111111111
111000000001111000000111000000111000001111111111111111111111111111
111000000001110000000111100000111000001111111111111111111111111111
111000000001110000000111110000111100001111111111111111111111111111
111000000001110000000111000000111100001111111111111111111111111111
111000000001110000000111100000111110001111111111111111111111111111
111100000001111110000111110000111100001111000111111111111111111111
111110000001111100000111111000111110001111100111110111111111111111
111000000001110000000111000000111000001111111111111111111111111111
111100000001111000000111100000111100001111110111111111111111111111
111100000001111000000111100000111110001111110111111111111111111111
111110000001111110000111110000111110001111100111110111111111111111
111100000001111000000111100000111110001111100111111111111111111111
111100000001111000000111100000111100001111000111111111111111111111
111100000001111000000111100000111100001111100111111111111111111111
111110000001111100000111110000111110001111100111110111111111111111
